0.00000000	0.98401338	0.95421625	0.98621353	0.03449865	0.98239148	0.95540174	0.03953832	0.97915320	0.98684322	0.98779537	0.98625044	0.99047390	0.02821400	0.98459456	0.94010051	0.98826214	0.98915298	0.98929716	0.03928695	0.98369280	0.98010675	0.98528264	0.04207524	0.98254434	0.02323174	0.96517723	0.94434224	0.03796198	0.96195464	0.98135460	0.03041233	0.01997621	0.02036529	0.02470004	0.95131047	0.05098078	0.02768938	0.94212105	0.97081268	0.95316599	0.98107818	0.02262440	0.95966903	0.98251897	0.04154425	0.03480937	0.97991175	0.04325466	0.96360026	0.96256406	0.95016065	0.03536568	0.02853746	0.03818076	0.93968426	0.96655394	0.95675239	0.97768353	0.97824752	0.97467389	0.97160404	0.03727818	0.03364617	0.97930144	0.02528956	0.94709683	0.94602777	0.03275733	0.94333231	0.96087241	0.97623888	0.95583170	0.94283577	0.93377454	0.96776222	0.04660692
0.98401338	0.00000000	0.95513645	0.06032212	0.98481523	0.04714327	0.06319889	0.98758528	0.04701509	0.06510843	0.06527676	0.04566674	0.06684885	0.98344611	0.04059438	0.94102071	0.05534220	0.07057338	0.08162151	0.98465815	0.03425029	0.04400410	0.06215450	0.98099674	0.06310425	0.97970846	0.06959294	0.94526244	0.97937640	0.06109422	0.98227480	0.97847116	0.98581506	0.97665484	0.98619051	0.95223066	0.99471621	0.98687233	0.06110405	0.05976063	0.95408619	0.05711439	0.94842308	0.06281314	0.06508017	0.96764631	0.98325493	0.06358610	0.95149406	0.96452046	0.05999059	0.06168642	0.97699725	0.95214585	0.96192803	0.05000968	0.06010712	0.06454954	0.05284176	0.05561965	0.05435320	0.06470108	0.96271817	0.97042842	0.04402538	0.97177104	0.05024094	0.94694797	0.95697781	0.94425251	0.96179261	0.05301939	0.07481470	0.01977445	0.93469474	0.07384633	0.05554435
0.95421625	0.95513645	0.00000000	0.04375151	0.95501811	0.06784874	0.92652481	0.95778815	0.05454156	0.01612892	0.06952401	0.06579799	0.04828860	0.95364898	0.95571763	0.91122358	0.07744802	0.07242913	0.04033028	0.95486102	0.95481588	0.06063505	0.03156593	0.95119961	0.06800159	0.94991134	0.03052861	0.91546531	0.94957928	0.93307772	0.03173974	0.94867404	0.95601793	0.94685772	0.95639339	0.92243354	0.96491909	0.95707521	0.91324412	0.03341620	0.01525682	0.04696794	0.91862595	0.93079210	0.05931865	0.93784919	0.95345781	0.04763986	0.92169694	0.93472333	0.93368713	0.92128372	0.94720013	0.92234872	0.93213090	0.91080733	0.93767701	0.92787546	0.94880661	0.94937059	0.05049282	0.03369487	0.93292104	0.94063130	0.95042451	0.94197391	0.91821990	0.91715084	0.92718069	0.03251819	0.93199549	0.02754721	0.92695477	0.91395885	0.90489762	0.03358166	0.04419110
0.98621353	0.06032212	0.04375151	0.00000000	0.98701538	0.06435463	0.05948933	0.98978543	0.02824732	0.06310602	0.05749771	0.07825141	0.05829776	0.98564626	0.06218370	0.06128366	0.04218673	0.05103764	0.03600786	0.98685830	0.05262177	0.03965291	0.06574800	0.98319689	0.05305822	0.98190861	0.03965389	0.01820765	0.98157656	0.06343056	0.06537380	0.98067131	0.98801521	0.97885499	0.98839066	0.03617144	0.99691636	0.98907248	0.01841315	0.05624320	0.06689191	0.05729164	0.95062323	0.06220911	0.05775945	0.96984646	0.98545508	0.05406723	0.95369421	0.06455096	0.04465334	0.06268622	0.97919740	0.95434600	0.96412818	0.94280461	0.04511344	0.04821272	0.04143206	0.04344007	0.04556093	0.04798114	0.96491832	0.97262857	0.05758200	0.97397119	0.05118442	0.04595618	0.95917796	0.03185942	0.03249094	0.04397270	0.02778921	0.05438059	0.04531936	0.06511088	0.03881795
0.03449865	0.98481523	0.95501811	0.98701538	0.00000000	0.98319334	0.95620359	0.02628026	0.97995506	0.98764508	0.98859722	0.98705230	0.99127576	0.03810373	0.98539641	0.94090236	0.98906400	0.98995483	0.99009902	0.04357958	0.98449466	0.98090860	0.98608450	0.03773094	0.98334619	0.02960066	0.96597909	0.94514410	0.02786307	0.96275650	0.98215646	0.03315511	0.03732951	0.03547345	0.03926550	0.95211232	0.03979809	0.02467437	0.94292290	0.97161453	0.95396785	0.98188003	0.02601731	0.96047089	0.98332082	0.02839270	0.02223418	0.98071360	0.04080470	0.96440212	0.96336591	0.95096250	0.03217798	0.02991528	0.04198554	0.94048611	0.96735579	0.95755424	0.97848539	0.97904937	0.97547575	0.97240590	0.03891710	0.03660843	0.98010329	0.03398714	0.94789868	0.94682963	0.03227336	0.94413417	0.96167427	0.97704073	0.95663355	0.94363763	0.93457640	0.96856408	0.04675082
0.98239148	0.04714327	0.06784874	0.06435463	0.98319334	0.00000000	0.05819556	0.98596339	0.04957934	0.06654775	0.05524826	0.04663787	0.06338444	0.98182421	0.04637834	0.93939881	0.06673601	0.05835435	0.06048018	0.98303626	0.01861516	0.03852823	0.04622139	0.97937484	0.06749078	0.97808657	0.04482809	0.94364055	0.97775451	0.05702878	0.09498709	0.97684927	0.98419317	0.97503295	0.98456862	0.04496671	0.99309432	0.98525044	0.94141936	0.05473308	0.95246430	0.05305416	0.94680119	0.04113958	0.06277014	0.96602442	0.98163304	0.04689965	0.94987217	0.96289857	0.07992517	0.05788343	0.97537536	0.95052396	0.96030614	0.01419667	0.06561914	0.07411349	0.06805542	0.06522136	0.06576917	0.07932682	0.96109628	0.96880653	0.03654974	0.97014915	0.02703179	0.94532608	0.95535592	0.05696480	0.96017072	0.05890977	0.03751758	0.02599643	0.04740704	0.04790059	0.05095465
0.95540174	0.06319889	0.92652481	0.05948933	0.95620359	0.05819556	0.00000000	0.95897364	0.03667334	0.06166654	0.04426334	0.07289319	0.04653409	0.95483447	0.07496592	0.91240907	0.07272379	0.05562619	0.07221129	0.95604651	0.04225393	0.04044307	0.02767688	0.95238510	0.95485290	0.95109683	0.03361448	0.91665080	0.95076477	0.02614230	0.07172596	0.94985952	0.95720342	0.94804321	0.95757887	0.02711454	0.96610458	0.95826070	0.91442961	0.02550882	0.92547455	0.02547021	0.91981144	0.03765420	0.01582643	0.93903468	0.95464329	0.07028311	0.92288243	0.93590882	0.04920681	0.92246921	0.94838562	0.92353421	0.93331639	0.03005562	0.93886250	0.92906095	0.06805490	0.95055608	0.05265906	0.04958921	0.93410653	0.94181679	0.05510551	0.94315940	0.91940539	0.03639913	0.92836617	0.91564087	0.93318097	0.02854312	0.03283611	0.91514434	0.90608311	0.02516387	0.03161601
0.03953832	0.98758528	0.95778815	0.98978543	0.02628026	0.98596339	0.95897364	0.00000000	0.98272511	0.99041512	0.99136727	0.98982235	0.99404581	0.04165933	0.98816646	0.94367241	0.99183405	0.99272488	0.99286907	0.03771591	0.98726471	0.98367865	0.98885455	0.02936881	0.98611624	0.03738741	0.96874913	0.94791415	0.03532777	0.96552655	0.98492651	0.03708929	0.03879714	0.04080654	0.04286379	0.95488237	0.03949491	0.03057343	0.94569295	0.97438458	0.95673790	0.98465008	0.04748420	0.96324093	0.98609087	0.03945927	0.02584704	0.98348365	0.02867178	0.96717217	0.96613596	0.95373255	0.03851488	0.03623874	0.03988805	0.94325616	0.97012584	0.96032429	0.98125544	0.98181942	0.97824579	0.97517595	0.03882765	0.04378062	0.98287334	0.03612828	0.95066873	0.94959967	0.03003097	0.94690422	0.96444432	0.97981078	0.95940360	0.94640768	0.93734645	0.97133413	0.03533022
0.97915320	0.04701509	0.05454156	0.02824732	0.97995506	0.04957934	0.03667334	0.98272511	0.00000000	0.05089101	0.04784689	0.05507272	0.04234356	0.97858593	0.06453561	0.03374633	0.04254579	0.04576234	0.04799933	0.97979797	0.04677986	0.03395408	0.03813066	0.97613656	0.04815722	0.97484829	0.03077774	0.02429266	0.97451623	0.03301816	0.04924131	0.97361099	0.98095488	0.97179467	0.98133034	0.02392449	0.04684904	0.98201216	0.02962324	0.03370830	0.03900741	0.03307944	0.94356290	0.03759042	0.03499679	0.96278614	0.97839476	0.04697095	0.94663389	0.04215524	0.03860162	0.03894971	0.97213708	0.94728568	0.95706786	0.93574428	0.04342751	0.04704072	0.04274474	0.04610545	0.04563070	0.03851930	0.95785799	0.96556825	0.04571806	0.96691087	0.02741570	0.04222582	0.95211764	0.03697813	0.01430655	0.03743980	0.02234688	0.05104888	0.92983457	0.03713773	0.03109558
0.98684322	0.06510843	0.01612892	0.06310602	0.98764508	0.06654775	0.06166654	0.99041512	0.05089101	0.00000000	0.06431715	0.06694963	0.06675445	0.98627595	0.05980029	0.02788339	0.06380911	0.06081816	0.05090034	0.98748799	0.08457056	0.06770983	0.03299663	0.98382658	0.05950332	0.98253831	0.03218326	0.94809228	0.98220625	0.04940179	0.06116231	0.98130101	0.98864490	0.97948469	0.98902036	0.07312331	0.99754606	0.98970218	0.02602819	0.03197567	0.01681602	0.04360290	0.95125292	0.05670949	0.05615610	0.97047616	0.98608478	0.06516876	0.95432391	0.05685859	0.08064829	0.07197349	0.97982710	0.95497569	0.96475787	0.94343430	0.05991985	0.06103910	0.05916103	0.06390410	0.05654706	0.03444919	0.96554801	0.97325827	0.08654699	0.97460088	0.95084687	0.06784061	0.95980766	0.04827854	0.07522803	0.02505190	0.05044571	0.94658582	0.93752459	0.03856423	0.04787534
0.98779537	0.06527676	0.06952401	0.05749771	0.98859722	0.05524826	0.04426334	0.99136727	0.04784689	0.06431715	0.00000000	0.06651590	0.06040470	0.98722810	0.06572523	0.06286550	0.05008258	0.06144154	0.06210589	0.98844014	0.05182800	0.04308527	0.06690568	0.98477873	0.07286874	0.98349046	0.06823499	0.94904443	0.98315840	0.07092212	0.05982235	0.98225315	0.98959705	0.98043683	0.98997250	0.06225603	0.05887807	0.99065432	0.94682324	0.06641321	0.06546344	0.06079105	0.95220507	0.06751956	0.06261184	0.97142830	0.98703692	0.01803529	0.95527605	0.06321259	0.08532905	0.02202195	0.98077925	0.95592784	0.96571002	0.94438645	0.05601965	0.05214990	0.05191906	0.05054015	0.05133983	0.07234451	0.96650016	0.97421042	0.08183397	0.97555303	0.05696293	0.01807613	0.96075980	0.94803450	0.06552386	0.06509064	0.06275780	0.94753796	0.93847673	0.05480261	0.04851269
0.98625044	0.04566674	0.06579799	0.07825141	0.98705230	0.04663787	0.07289319	0.98982235	0.05507272	0.06694963	0.06651590	0.00000000	0.04672716	0.98568317	0.06454842	0.06132057	0.07507150	0.06231092	0.06829372	0.98689521	0.03751871	0.05903866	0.08364897	0.98323380	0.10376440	0.98194553	0.08266868	0.94749951	0.98161347	0.96511191	0.05870336	0.98070823	0.98805212	0.97889191	0.98842758	0.95446773	0.03579075	0.98910940	0.94527831	0.07866580	0.06847634	0.07921877	0.95066014	0.06017817	0.05898123	0.96988338	0.98549200	0.07389883	0.95373113	0.02669602	0.04205698	0.06272314	0.97923432	0.95438291	0.96416510	0.03861735	0.07538781	0.07797245	0.06497073	0.06998583	0.07193289	0.07529798	0.96495523	0.97266549	0.05487919	0.97400811	0.04094942	0.94918503	0.95921488	0.94648958	0.96402968	0.05914323	0.95898896	0.02866438	0.93693181	0.07518477	0.05186409
0.99047390	0.06684885	0.04828860	0.05829776	0.99127576	0.06338444	0.04653409	0.99404581	0.04234356	0.06675445	0.06040470	0.04672716	0.00000000	0.98990663	0.06457772	0.94748123	0.05211014	0.04021829	0.05376424	0.99111867	0.06831953	0.05163639	0.05218104	0.98745726	0.05068297	0.98616899	0.04506809	0.03870631	0.98583693	0.05129401	0.03479613	0.98493169	0.99227558	0.98311537	0.99265104	0.04387886	0.03349159	0.99333286	0.94950177	0.05036845	0.07488090	0.05221005	0.95488360	0.05273701	0.04832563	0.97410684	0.98971546	0.06009037	0.95795459	0.02876522	0.01986860	0.02948576	0.98345778	0.95860637	0.96838855	0.06139917	0.05713966	0.05092023	0.05601333	0.04491107	0.04646904	0.05462835	0.96917869	0.97688895	0.07121904	0.97823157	0.04196693	0.07147129	0.96343834	0.06131861	0.05026439	0.04853034	0.04306023	0.95021650	0.94115527	0.04516351	0.03480409
0.02821400	0.98344611	0.95364898	0.98564626	0.03810373	0.98182421	0.95483447	0.04165933	0.97858593	0.98627595	0.98722810	0.98568317	0.98990663	0.00000000	0.98402729	0.93953324	0.98769487	0.98858570	0.98872989	0.02558126	0.98312553	0.97953948	0.98471537	0.02762141	0.98197707	0.03382384	0.96460996	0.94377497	0.02232907	0.96138737	0.98078733	0.02594717	0.03152682	0.02376232	0.02149968	0.95074320	0.04966138	0.03671513	0.94155378	0.97024541	0.95259872	0.98051091	0.01937168	0.95910176	0.98195170	0.05241141	0.03705475	0.97934448	0.02552422	0.96303299	0.96199679	0.94959338	0.02656488	0.02698484	0.01884865	0.93911699	0.96598667	0.95618512	0.97711626	0.97768024	0.97410662	0.97103677	0.02204702	0.01975528	0.97873416	0.02826300	0.94652955	0.94546050	0.02814475	0.94276504	0.96030514	0.97567161	0.95526443	0.94226850	0.93320727	0.96719495	0.04608253
0.98459456	0.04059438	0.95571763	0.06218370	0.98539641	0.04637834	0.07496592	0.98816646	0.06453561	0.05980029	0.06572523	0.06454842	0.06457772	0.98402729	0.00000000	0.05966469	0.07201810	0.06406784	0.05430075	0.98523933	0.05070007	0.06524232	0.08070131	0.98157792	0.07067461	0.98028965	0.07728418	0.94584362	0.97995759	0.06913263	0.06640155	0.97905234	0.98639624	0.97723603	0.98677169	0.95281185	0.99529740	0.98745352	0.94362243	0.06901965	0.06034398	0.06493886	0.94900426	0.96117041	0.08014904	0.96822750	0.98383611	0.08392789	0.95207525	0.06332102	0.08212824	0.95166203	0.97757844	0.95272703	0.96250921	0.94118564	0.07493227	0.06212041	0.06273928	0.07228750	0.07308778	0.05332373	0.96329935	0.97100961	0.06280087	0.97235222	0.94859821	0.94752915	0.95755899	0.06289649	0.07177902	0.02799760	0.07166726	0.02184275	0.93527592	0.07986918	0.05511964
0.94010051	0.94102071	0.91122358	0.06128366	0.94090236	0.93939881	0.91240907	0.94367241	0.03374633	0.02788339	0.06286550	0.06132057	0.94748123	0.93953324	0.05966469	0.00000000	0.06333227	0.05132422	0.06436729	0.94074528	0.94070013	0.93711408	0.03930901	0.93708387	0.93955167	0.93579560	0.92218456	0.90134957	0.93546354	0.02583893	0.93836193	0.93455829	0.94190219	0.93274198	0.94227764	0.90831780	0.95080335	0.94295947	0.89912838	0.02351112	0.01776858	0.02435263	0.90451021	0.03473916	0.03654533	0.92373345	0.93934206	0.93691908	0.90758120	0.92060759	0.91957139	0.90716798	0.93308439	0.90823298	0.91801516	0.89669159	0.92356127	0.91375972	0.05275366	0.93525485	0.04974402	0.02644172	0.91880530	0.92651556	0.93630877	0.92785817	0.90410416	0.90303510	0.91306494	0.90033964	0.91787974	0.02767015	0.03090183	0.89984310	0.89078187	0.03692264	0.02826705
0.98826214	0.05534220	0.07744802	0.04218673	0.98906400	0.06673601	0.07272379	0.99183405	0.04254579	0.06380911	0.05008258	0.07507150	0.05211014	0.98769487	0.07201810	0.06333227	0.00000000	0.05465567	0.05238522	0.98890692	0.05852397	0.05630398	0.04556443	0.98524550	0.05730740	0.98395723	0.04672342	0.03244276	0.98362517	0.06334426	0.06219759	0.98271993	0.99006383	0.98090361	0.99043928	0.04998944	0.04889415	0.99112110	0.03959968	0.05565549	0.07048804	0.06105487	0.95267185	0.96483800	0.06597388	0.97189508	0.98750370	0.05162605	0.95574283	0.05165394	0.06637178	0.05458381	0.98124602	0.95639462	0.96617680	0.94485322	0.02044283	0.02055169	0.01913375	0.01914855	0.01948588	0.05397829	0.96696694	0.97467719	0.06827711	0.97601981	0.95226579	0.95119674	0.96122658	0.06656408	0.05611051	0.05448210	0.04770808	0.94800474	0.93894351	0.03203302	0.04135436
0.98915298	0.07057338	0.07242913	0.05103764	0.98995483	0.05835435	0.05562619	0.99272488	0.04576234	0.06081816	0.06144154	0.06231092	0.04021829	0.98858570	0.06406784	0.05132422	0.05465567	0.00000000	0.05327365	0.98979775	0.06589394	0.06946307	0.06131697	0.98613634	0.02611870	0.98484806	0.05555643	0.06473622	0.98451600	0.06199251	0.05067929	0.98361076	0.99095466	0.98179444	0.99133011	0.04105834	0.99985581	0.99201193	0.04681960	0.06057863	0.07137888	0.06101017	0.95356268	0.96572883	0.05989239	0.97278591	0.98839453	0.06317142	0.95663366	0.06022418	0.05080291	0.05071121	0.98213685	0.95728545	0.96706763	0.05416853	0.05589350	0.02739425	0.05675645	0.04973116	0.04856675	0.01909008	0.96785777	0.97556802	0.05559359	0.97691064	0.05597885	0.95208757	0.96211741	0.05190687	0.03116002	0.06160853	0.04777875	0.94889557	0.03116325	0.04732852	0.04382061
0.98929716	0.08162151	0.04033028	0.03600786	0.99009902	0.06048018	0.07221129	0.99286907	0.04799933	0.05090034	0.06210589	0.06829372	0.05376424	0.98872989	0.05430075	0.06436729	0.05238522	0.05327365	0.00000000	0.98994193	0.06489669	0.04683835	0.05769494	0.98628052	0.06359254	0.98499225	0.04811056	0.02459898	0.98466019	0.06150311	0.06279891	0.98375495	0.99109884	0.98193863	0.99147430	0.05486633	1.00000000	0.99215612	0.03708845	0.06742115	0.05772555	0.06364087	0.95370686	0.05827309	0.06673182	0.97293010	0.98853872	0.05913755	0.95677785	0.06396890	0.04542119	0.05779993	0.98228104	0.95742963	0.96721182	0.94588824	0.04860561	0.06518029	0.05070583	0.05375714	0.05448595	0.04301218	0.96800195	0.97571221	0.06307430	0.97705483	0.03438555	0.95223175	0.96226160	0.05796077	0.07275301	0.03335291	0.03878487	0.94903976	0.01998786	0.06036616	0.04413734
0.03928695	0.98465815	0.95486102	0.98685830	0.04357958	0.98303626	0.95604651	0.03771591	0.97979797	0.98748799	0.98844014	0.98689521	0.99111867	0.02558126	0.98523933	0.94074528	0.98890692	0.98979775	0.98994193	0.00000000	0.98433758	0.98075152	0.98592742	0.02197672	0.98318911	0.04588341	0.96582200	0.94498701	0.02483300	0.96259942	0.98199937	0.02834376	0.04176843	0.03575966	0.02955314	0.95195524	0.04277275	0.04642038	0.94276582	0.97145745	0.95381076	0.98172295	0.03216128	0.96031380	0.98316374	0.04948219	0.04229043	0.98055652	0.01764052	0.96424503	0.96320883	0.95080542	0.03073193	0.02753834	0.01981750	0.94032903	0.96719871	0.95739716	0.97832831	0.97889229	0.97531866	0.97224881	0.01647126	0.02427796	0.97994621	0.03109711	0.94774160	0.94667254	0.02550939	0.94397709	0.96151719	0.97688365	0.95647647	0.94348055	0.93441932	0.96840700	0.03495951
0.98369280	0.03425029	0.95481588	0.05262177	0.98449466	0.01861516	0.04225393	0.98726471	0.04677986	0.08457056	0.05182800	0.03751871	0.06831953	0.98312553	0.05070007	0.94070013	0.05852397	0.06589394	0.06489669	0.98433758	0.00000000	0.03067132	0.06911207	0.98067617	0.06035466	0.97938789	0.06519658	0.94494187	0.97905583	0.06134041	0.98195423	0.97815059	0.98549449	0.97633427	0.98586994	0.06406318	0.99439564	0.98655176	0.94272068	0.04752045	0.95376562	0.05550074	0.94810251	0.04300010	0.06710353	0.96732574	0.98293436	0.04986832	0.95117349	0.96419989	0.08122649	0.05327503	0.97667668	0.95182528	0.96160746	0.01851719	0.07283017	0.95735201	0.05519376	0.05648593	0.06146824	0.08435675	0.96239760	0.97010785	0.02867931	0.97145047	0.03053472	0.94662740	0.95665724	0.94393194	0.06533868	0.05025734	0.05585105	0.01974809	0.93437417	0.05403604	0.04898257
0.98010675	0.04400410	0.06063505	0.03965291	0.98090860	0.03852823	0.04044307	0.98367865	0.03395408	0.06770983	0.04308527	0.05903866	0.05163639	0.97953948	0.06524232	0.93711408	0.05630398	0.06946307	0.04683835	0.98075152	0.03067132	0.00000000	0.05247997	0.97709011	0.06138724	0.97580184	0.03985015	0.94135581	0.97546978	0.04909678	0.05837295	0.97456454	0.98190843	0.97274822	0.98228389	0.03872852	0.05425033	0.98296571	0.05719742	0.04143294	0.95017956	0.04142206	0.94451645	0.02547486	0.03971910	0.96373969	0.97934830	0.03775669	0.94758744	0.96061383	0.05916814	0.05559869	0.97309063	0.94823922	0.95802140	0.04019334	0.05917522	0.95376596	0.05201167	0.06129988	0.06276104	0.07802284	0.95881154	0.96652180	0.01326703	0.96786441	0.01707658	0.04006038	0.95307118	0.04877036	0.06138150	0.04629293	0.03059662	0.03220403	0.93078812	0.03820534	0.03810186
0.98528264	0.06215450	0.03156593	0.06574800	0.98608450	0.04622139	0.02767688	0.98885455	0.03813066	0.03299663	0.06690568	0.08364897	0.05218104	0.98471537	0.08070131	0.03930901	0.04556443	0.06131697	0.05769494	0.98592742	0.06911207	0.05247997	0.00000000	0.98226600	0.05408824	0.98097773	0.01578922	0.05713728	0.98064567	0.02184604	0.05282981	0.97974043	0.98708433	0.97792411	0.98745978	0.03381861	0.99598548	0.98814160	0.02783853	0.02219813	0.02854641	0.02186208	0.94969235	0.04328781	0.03086197	0.96891558	0.98452420	0.06527331	0.95276333	0.05532470	0.05470571	0.07041291	0.97826652	0.95341512	0.96319730	0.94187372	0.04041319	0.04875134	0.04656572	0.04429926	0.03967449	0.03630076	0.96398744	0.97169769	0.05531095	0.97304031	0.03923847	0.94821724	0.95824708	0.02519991	0.04519342	0.03825941	0.02694870	0.94502524	0.93596401	0.01645753	0.04300821
0.04207524	0.98099674	0.95119961	0.98319689	0.03773094	0.97937484	0.95238510	0.02936881	0.97613656	0.98382658	0.98477873	0.98323380	0.98745726	0.02762141	0.98157792	0.93708387	0.98524550	0.98613634	0.98628052	0.02197672	0.98067617	0.97709011	0.98226600	0.00000000	0.97952770	0.04547122	0.96216059	0.94132560	0.02352854	0.95893800	0.97833796	0.02293972	0.04373738	0.04065677	0.03138496	0.94829383	0.04420372	0.03962605	0.93910441	0.96779604	0.95014935	0.97806154	0.03117787	0.95665239	0.97950233	0.04705659	0.03615155	0.97689511	0.01956299	0.96058362	0.95954742	0.94714401	0.02618995	0.02968598	0.02446874	0.93666762	0.96353730	0.95373575	0.97466689	0.97523088	0.97165725	0.96858740	0.02059777	0.02771749	0.97628480	0.02594599	0.94408019	0.94301113	0.01548247	0.94031567	0.95785577	0.97322224	0.95281506	0.93981913	0.93075790	0.96474558	0.03806655
0.98254434	0.06310425	0.06800159	0.05305822	0.98334619	0.06749078	0.95485290	0.98611624	0.04815722	0.05950332	0.07286874	0.10376440	0.05068297	0.98197707	0.07067461	0.93955167	0.05730740	0.02611870	0.06359254	0.98318911	0.06035466	0.06138724	0.05408824	0.97952770	0.00000000	0.97823942	0.05918682	0.94379340	0.97790736	0.04085338	0.07373223	0.97700212	0.98434602	0.97518580	0.98472147	0.05425713	0.99324717	0.98540329	0.04021096	0.03987108	0.04752729	0.04197879	0.94695404	0.95912019	0.05292258	0.96617727	0.98178589	0.06453866	0.95002502	0.96305142	0.05699855	0.94961181	0.97552821	0.95067681	0.96045899	0.93913542	0.04934374	0.02747483	0.05654955	0.05811471	0.04619185	0.03003125	0.96124913	0.96895938	0.03833270	0.97030200	0.94654798	0.94547893	0.95550877	0.06084627	0.01785188	0.05621525	0.04440582	0.94228693	0.01838957	0.03961281	0.05793502
0.02323174	0.97970846	0.94991134	0.98190861	0.02960066	0.97808657	0.95109683	0.03738741	0.97484829	0.98253831	0.98349046	0.98194553	0.98616899	0.03382384	0.98028965	0.93579560	0.98395723	0.98484806	0.98499225	0.04588341	0.97938789	0.97580184	0.98097773	0.04547122	0.97823942	0.00000000	0.96087232	0.94003733	0.03778857	0.95764973	0.97704969	0.02919025	0.02395788	0.02673969	0.03066504	0.94700555	0.04902384	0.01971072	0.93781614	0.96650776	0.94886108	0.97677327	0.03066908	0.95536412	0.97821406	0.03962108	0.02859005	0.97560684	0.04409930	0.95929535	0.95825915	0.94585574	0.03014838	0.03275393	0.04282621	0.93537935	0.96224903	0.95244747	0.97337862	0.97394260	0.97036898	0.96729913	0.04373111	0.03618461	0.97499652	0.02657146	0.94279191	0.94172286	0.03206174	0.93902740	0.95656750	0.97193396	0.95152678	0.93853086	0.92946963	0.96345731	0.04543962
0.96517723	0.06959294	0.03052861	0.03965389	0.96597909	0.04482809	0.03361448	0.96874913	0.03077774	0.03218326	0.06823499	0.08266868	0.04506809	0.96460996	0.07728418	0.92218456	0.04672342	0.05555643	0.04811056	0.96582200	0.06519658	0.03985015	0.01578922	0.96216059	0.05918682	0.96087232	0.00000000	0.04448909	0.96054026	0.02448923	0.05175725	0.95963502	0.96697891	0.95781870	0.96735437	0.02970872	0.97588007	0.96803619	0.03262957	0.02709904	0.02864914	0.02621714	0.92958693	0.03719777	0.03402894	0.94881017	0.96441879	0.08005860	0.93265792	0.94568431	0.06271091	0.93224470	0.95816111	0.93330970	0.94309188	0.92176831	0.05058599	0.05689924	0.04713039	0.04645485	0.04201765	0.03629999	0.94388202	0.95159228	0.06002424	0.95293489	0.02568722	0.92811182	0.93814167	0.02661255	0.06101927	0.03705324	0.02460737	0.92491983	0.91585860	0.01752481	0.03827387
0.94434224	0.94526244	0.91546531	0.01820765	0.94514410	0.94364055	0.91665080	0.94791415	0.02429266	0.94809228	0.94904443	0.94749951	0.03870631	0.94377497	0.94584362	0.90134957	0.03244276	0.06473622	0.02459898	0.94498701	0.94494187	0.94135581	0.05713728	0.94132560	0.94379340	0.94003733	0.04448909	0.00000000	0.93970527	0.92320371	0.94260366	0.93880003	0.94614392	0.93698371	0.94651938	0.91255953	0.95504508	0.94720120	0.90337011	0.93206174	0.91441506	0.05666143	0.90875194	0.92091809	0.06183083	0.92797518	0.94358380	0.05922361	0.91182293	0.92484933	0.92381312	0.91140971	0.93732612	0.91247471	0.92225689	0.90093332	0.03129851	0.03233563	0.03106588	0.03372489	0.03350875	0.93285311	0.92304703	0.93075729	0.94055050	0.93209991	0.90834589	0.90727683	0.91730668	0.90458138	0.92212148	0.03419353	0.91708076	0.90408484	0.01308641	0.92901129	0.04277177
0.03796198	0.97937640	0.94957928	0.98157656	0.02786307	0.97775451	0.95076477	0.03532777	0.97451623	0.98220625	0.98315840	0.98161347	0.98583693	0.02232907	0.97995759	0.93546354	0.98362517	0.98451600	0.98466019	0.02483300	0.97905583	0.97546978	0.98064567	0.02352854	0.97790736	0.03778857	0.96054026	0.93970527	0.00000000	0.95731767	0.97671763	0.02045736	0.04008981	0.03208994	0.02925528	0.94667349	0.04722578	0.03545485	0.93748408	0.96617570	0.94852902	0.97644121	0.03248178	0.95503206	0.97788200	0.05047216	0.03214041	0.97527478	0.02253420	0.95896329	0.95792709	0.94552368	0.01904596	0.02290137	0.02344663	0.93504729	0.96191697	0.95211541	0.97304656	0.97361054	0.97003692	0.96696707	0.02209379	0.02563044	0.97466446	0.02489788	0.94245985	0.94139080	0.02052880	0.93869534	0.95623544	0.97160190	0.95119473	0.93819880	0.92913757	0.96312525	0.05046729
0.96195464	0.06109422	0.93307772	0.06343056	0.96275650	0.05702878	0.02614230	0.96552655	0.03301816	0.04940179	0.07092212	0.96511191	0.05129401	0.96138737	0.06913263	0.02583893	0.06334426	0.06199251	0.06150311	0.96259942	0.06134041	0.04909678	0.02184604	0.95893800	0.04085338	0.95764973	0.02448923	0.92320371	0.95731767	0.00000000	0.03020330	0.95641243	0.96375633	0.95459611	0.96413178	0.03641530	0.97265748	0.96481360	0.02151919	0.01312494	0.02382443	0.01338292	0.92636435	0.05286468	0.02382749	0.94558758	0.96119620	0.95877321	0.92943533	0.94246173	0.04492103	0.92902211	0.95493852	0.93008712	0.93986930	0.91854572	0.94541540	0.93561385	0.06595022	0.05506591	0.03270312	0.03599796	0.94065944	0.94836969	0.06756813	0.94971231	0.03355355	0.92488924	0.93491908	0.01532520	0.04255610	0.04450314	0.01576679	0.92169724	0.91263601	0.02066592	0.04355047
0.98135460	0.98227480	0.03173974	0.06537380	0.98215646	0.09498709	0.07172596	0.98492651	0.04924131	0.06116231	0.05982235	0.05870336	0.03479613	0.98078733	0.06640155	0.93836193	0.06219759	0.05067929	0.06279891	0.98199937	0.98195423	0.05837295	0.05282981	0.97833796	0.07373223	0.97704969	0.05175725	0.94260366	0.97671763	0.03020330	0.00000000	0.97581239	0.98315628	0.97399607	0.98353174	0.06390607	0.02951203	0.98421356	0.05844527	0.04307592	0.06083264	0.03083724	0.94576430	0.95793045	0.04989216	0.96498754	0.98059616	0.05796382	0.94883529	0.04390608	0.02719877	0.02526904	0.97433848	0.94948707	0.95926925	0.93794568	0.96481536	0.95501381	0.06951130	0.06502317	0.05699710	0.05241857	0.96005939	0.96776965	0.07698258	0.96911226	0.05596382	0.05116615	0.95431904	0.94159374	0.05967051	0.05733857	0.04819485	0.94109720	0.05009877	0.04554976	0.04451034
0.03041233	0.97847116	0.94867404	0.98067131	0.03315511	0.97684927	0.94985952	0.03708929	0.97361099	0.98130101	0.98225315	0.98070823	0.98493169	0.02594717	0.97905234	0.93455829	0.98271993	0.98361076	0.98375495	0.02834376	0.97815059	0.97456454	0.97974043	0.02293972	0.97700212	0.02919025	0.95963502	0.93880003	0.02045736	0.95641243	0.97581239	0.00000000	0.03386418	0.02732498	0.02446181	0.94576825	0.04642939	0.03041302	0.93657884	0.96527046	0.94762378	0.97553596	0.02557701	0.95412682	0.97697675	0.04831926	0.03317216	0.97436953	0.02634944	0.95805805	0.95702184	0.94461843	0.01869432	0.01556429	0.02495431	0.93414204	0.96101172	0.95121017	0.97214132	0.97270530	0.96913168	0.96606183	0.02833714	0.02510048	0.97375922	0.01804600	0.94155461	0.94048556	0.02059388	0.93779010	0.95533020	0.97069666	0.95028948	0.93729356	0.92823233	0.96222001	0.03944098
0.01997621	0.98581506	0.95601793	0.98801521	0.03732951	0.98419317	0.95720342	0.03879714	0.98095488	0.98864490	0.98959705	0.98805212	0.99227558	0.03152682	0.98639624	0.94190219	0.99006383	0.99095466	0.99109884	0.04176843	0.98549449	0.98190843	0.98708433	0.04373738	0.98434602	0.02395788	0.96697891	0.94614392	0.04008981	0.96375633	0.98315628	0.03386418	0.00000000	0.02377763	0.02789122	0.95311215	0.04841258	0.02900460	0.94392273	0.97261436	0.95496767	0.98287986	0.02234754	0.96147071	0.98432065	0.03800941	0.03712150	0.98171343	0.04455239	0.96540194	0.96436574	0.95196233	0.03692812	0.03401833	0.03991034	0.94148594	0.96835562	0.95855407	0.97948522	0.98004920	0.97647557	0.97340572	0.03997688	0.03552658	0.98110312	0.02492705	0.94889851	0.94782945	0.03590914	0.94513400	0.96267410	0.97804056	0.95763338	0.94463746	0.93557623	0.96956391	0.04450088
0.02036529	0.97665484	0.94685772	0.97885499	0.03547345	0.97503295	0.94804321	0.04080654	0.97179467	0.97948469	0.98043683	0.97889191	0.98311537	0.02376232	0.97723603	0.93274198	0.98090361	0.98179444	0.98193863	0.03575966	0.97633427	0.97274822	0.97792411	0.04065677	0.97518580	0.02673969	0.95781870	0.93698371	0.03208994	0.95459611	0.97399607	0.02732498	0.02377763	0.00000000	0.02074758	0.94395193	0.04919618	0.03040595	0.93476252	0.96345414	0.94580746	0.97371964	0.02547708	0.95231050	0.97516044	0.04967851	0.03475742	0.97255322	0.03707251	0.95624173	0.95520553	0.94280212	0.03186480	0.02413298	0.03245919	0.93232573	0.95919540	0.94939385	0.97032500	0.97088898	0.96731536	0.96424551	0.03319855	0.02881605	0.97194290	0.02692030	0.93973829	0.93866924	0.03276086	0.93597378	0.95351388	0.96888034	0.94847316	0.93547724	0.92641601	0.96040369	0.04886809
0.02470004	0.98619051	0.95639339	0.98839066	0.03926550	0.98456862	0.95757887	0.04286379	0.98133034	0.98902036	0.98997250	0.98842758	0.99265104	0.02149968	0.98677169	0.94227764	0.99043928	0.99133011	0.99147430	0.02955314	0.98586994	0.98228389	0.98745978	0.03138496	0.98472147	0.03066504	0.96735437	0.94651938	0.02925528	0.96413178	0.98353174	0.02446181	0.02789122	0.02074758	0.00000000	0.95348760	0.03935880	0.03469087	0.94429819	0.97298981	0.95534313	0.98325531	0.02306152	0.96184617	0.98469610	0.04129383	0.03831725	0.98208888	0.02833824	0.96577740	0.96474119	0.95233778	0.02572633	0.02792387	0.02237421	0.94186139	0.96873107	0.95892952	0.97986067	0.98042465	0.97685103	0.97378118	0.02813406	0.01893112	0.98147857	0.02609042	0.94927396	0.94820491	0.02709308	0.94550945	0.96304955	0.97841601	0.95800883	0.94501291	0.93595168	0.96993936	0.05072116
0.95131047	0.95223066	0.92243354	0.03617144	0.95211232	0.04496671	0.02711454	0.95488237	0.02392449	0.07312331	0.06225603	0.95446773	0.04387886	0.95074320	0.95281185	0.90831780	0.04998944	0.04105834	0.05486633	0.95195524	0.06406318	0.03872852	0.03381861	0.94829383	0.05425713	0.94700555	0.02970872	0.91255953	0.94667349	0.03641530	0.06390607	0.94576825	0.95311215	0.94395193	0.95348760	0.00000000	0.96201330	0.95416942	0.91033834	0.03615767	0.92138328	0.03680318	0.91572017	0.04594912	0.02574334	0.93494340	0.95055202	0.94812904	0.91879115	0.93181755	0.93078135	0.03644074	0.94429434	0.91944294	0.92922512	0.90790155	0.93477123	0.92496967	0.05432529	0.05116066	0.04758704	0.03130178	0.93001526	0.93772551	0.05967181	0.93906813	0.02373858	0.91424506	0.92427490	0.91154960	0.92908970	0.04589146	0.02656374	0.91105306	0.90199183	0.03321814	0.02814151
0.05098078	0.99471621	0.96491909	0.99691636	0.03979809	0.99309432	0.96610458	0.03949491	0.04684904	0.99754606	0.05887807	0.03579075	0.03349159	0.04966138	0.99529740	0.95080335	0.04889415	0.99985581	1.00000000	0.04277275	0.99439564	0.05425033	0.99598548	0.04420372	0.99324717	0.04902384	0.97588007	0.95504508	0.04722578	0.97265748	0.02951203	0.04642939	0.04841258	0.04919618	0.03935880	0.96201330	0.00000000	0.04527518	0.95282389	0.98151551	0.96386883	0.99178102	0.05442637	0.97037187	0.99322181	0.02538449	0.03860575	0.99061459	0.04696396	0.97430310	0.97326690	0.96086349	0.03441540	0.05662486	0.04310725	0.95038710	0.97725678	0.96745522	0.98838637	0.98895035	0.98537673	0.98230688	0.05609938	0.03831857	0.99000427	0.04211722	0.95779966	0.95673061	0.04845103	0.95403515	0.97157525	0.98694171	0.96653453	0.95353861	0.94447738	0.97846506	0.03516922
0.02768938	0.98687233	0.95707521	0.98907248	0.02467437	0.98525044	0.95826070	0.03057343	0.98201216	0.98970218	0.99065432	0.98910940	0.99333286	0.03671513	0.98745352	0.94295947	0.99112110	0.99201193	0.99215612	0.04642038	0.98655176	0.98296571	0.98814160	0.03962605	0.98540329	0.01971072	0.96803619	0.94720120	0.03545485	0.96481360	0.98421356	0.03041302	0.02900460	0.03040595	0.03469087	0.95416942	0.04527518	0.00000000	0.94498001	0.97367163	0.95602495	0.98393713	0.03316937	0.96252799	0.98537793	0.04048200	0.02638647	0.98277070	0.03342850	0.96645922	0.96542302	0.95301961	0.03146984	0.03454504	0.04073912	0.94254322	0.96941289	0.95961134	0.98054249	0.98110647	0.97753285	0.97446300	0.04264073	0.03697988	0.98216039	0.02783913	0.94995578	0.94888673	0.03006366	0.94619127	0.96373137	0.97909783	0.95869065	0.94569473	0.93663350	0.97062118	0.04292649
0.94212105	0.06110405	0.91324412	0.01841315	0.94292290	0.94141936	0.91442961	0.94569295	0.02962324	0.02602819	0.94682324	0.94527831	0.94950177	0.94155378	0.94362243	0.89912838	0.03959968	0.04681960	0.03708845	0.94276582	0.94272068	0.05719742	0.02783853	0.93910441	0.04021096	0.93781614	0.03262957	0.90337011	0.93748408	0.02151919	0.05844527	0.93657884	0.94392273	0.93476252	0.94429819	0.91033834	0.95282389	0.94498001	0.00000000	0.01990967	0.02279944	0.02150579	0.90653075	0.91869690	0.03241081	0.92575399	0.94136261	0.93893962	0.90960174	0.92262813	0.01728304	0.02725132	0.93510493	0.91025352	0.92003570	0.89871213	0.92558181	0.91578026	0.04886449	0.04487064	0.03994513	0.04869471	0.92082584	0.92853610	0.93832931	0.92987871	0.90612470	0.90505564	0.91508549	0.01296576	0.02304863	0.03876226	0.01912486	0.90186365	0.89280242	0.02588371	0.04256177
0.97081268	0.05976063	0.03341620	0.05624320	0.97161453	0.05473308	0.02550882	0.97438458	0.03370830	0.03197567	0.06641321	0.07866580	0.05036845	0.97024541	0.06901965	0.02351112	0.05565549	0.06057863	0.06742115	0.97145745	0.04752045	0.04143294	0.02219813	0.96779604	0.03987108	0.96650776	0.02709904	0.93206174	0.96617570	0.01312494	0.04307592	0.96527046	0.97261436	0.96345414	0.97298981	0.03615767	0.98151551	0.97367163	0.01990967	0.00000000	0.02257607	0.01364402	0.93522238	0.05125517	0.02501101	0.95444561	0.97005423	0.06816792	0.93829336	0.95131976	0.06243664	0.93788015	0.96379655	0.93894515	0.94872733	0.92740376	0.06115039	0.94447188	0.05626700	0.05463847	0.03346212	0.03983874	0.94951747	0.95722772	0.05517141	0.95857034	0.04241158	0.93374727	0.94377711	0.01441589	0.94859191	0.03590887	0.01544698	0.93055527	0.92149404	0.02060113	0.04117937
0.95316599	0.95408619	0.01525682	0.06689191	0.95396785	0.95246430	0.92547455	0.95673790	0.03900741	0.01681602	0.06546344	0.06847634	0.07488090	0.95259872	0.06034398	0.01776858	0.07048804	0.07137888	0.05772555	0.95381076	0.95376562	0.95017956	0.02854641	0.95014935	0.04752729	0.94886108	0.02864914	0.91441506	0.94852902	0.02382443	0.06083264	0.94762378	0.95496767	0.94580746	0.95534313	0.92138328	0.96386883	0.95602495	0.02279944	0.02257607	0.00000000	0.02305182	0.91757569	0.04780465	0.03596437	0.93679893	0.95240755	0.94998456	0.92064668	0.93367308	0.93263687	0.92023346	0.94614987	0.92129847	0.93108065	0.90975707	0.93662675	0.92682520	0.05990943	0.94832033	0.04209858	0.03065311	0.93187079	0.93958104	0.94937425	0.94092366	0.91716964	0.91610059	0.92613043	0.02281035	0.93094523	0.02064401	0.02484219	0.91290859	0.90384736	0.02975567	0.05243679
0.98107818	0.05711439	0.04696794	0.05729164	0.98188003	0.05305416	0.02547021	0.98465008	0.03307944	0.04360290	0.06079105	0.07921877	0.05221005	0.98051091	0.06493886	0.02435263	0.06105487	0.06101017	0.06364087	0.98172295	0.05550074	0.04142206	0.02186208	0.97806154	0.04197879	0.97677327	0.02621714	0.05666143	0.97644121	0.01338292	0.03083724	0.97553596	0.98287986	0.97371964	0.98325531	0.03680318	0.99178102	0.98393713	0.02150579	0.01364402	0.02305182	0.00000000	0.94548788	0.05221246	0.02455384	0.96471111	0.98031973	0.05620589	0.94855886	0.96158526	0.04672942	0.02614510	0.97406205	0.94921065	0.95899283	0.05573206	0.07078231	0.95473739	0.05968216	0.05433323	0.03292642	0.04102989	0.95978297	0.96749323	0.04056532	0.96883584	0.03235601	0.94401277	0.95404261	0.01468953	0.06946298	0.04490905	0.01565204	0.94082077	0.93175954	0.02047127	0.04298181
0.02262440	0.94842308	0.91862595	0.95062323	0.02601731	0.94680119	0.91981144	0.04748420	0.94356290	0.95125292	0.95220507	0.95066014	0.95488360	0.01937168	0.94900426	0.90451021	0.95267185	0.95356268	0.95370686	0.03216128	0.94810251	0.94451645	0.94969235	0.03117787	0.94695404	0.03066908	0.92958693	0.90875194	0.03248178	0.92636435	0.94576430	0.02557701	0.02234754	0.02547708	0.02306152	0.91572017	0.05442637	0.03316937	0.90653075	0.93522238	0.91757569	0.94548788	0.00000000	0.92407873	0.94692867	0.04328890	0.04084617	0.94432145	0.91498357	0.92800997	0.92697376	0.91457035	0.02283902	0.91563535	0.02070400	0.90409396	0.93096364	0.92116209	0.94209324	0.94265722	0.93908359	0.93601374	0.03137159	0.02091795	0.94371114	0.02246487	0.91150653	0.91043747	0.02269123	0.90774202	0.92528212	0.94064858	0.92024140	0.90724548	0.89818425	0.93217193	0.05168390
0.95966903	0.06281314	0.93079210	0.06220911	0.96047089	0.04113958	0.03765420	0.96324093	0.03759042	0.05670949	0.06751956	0.06017817	0.05273701	0.95910176	0.96117041	0.03473916	0.96483800	0.96572883	0.05827309	0.96031380	0.04300010	0.02547486	0.04328781	0.95665239	0.95912019	0.95536412	0.03719777	0.92091809	0.95503206	0.05286468	0.95793045	0.95412682	0.96147071	0.95231050	0.96184617	0.04594912	0.97037187	0.96252799	0.91869690	0.05125517	0.04780465	0.05221246	0.92407873	0.00000000	0.03934637	0.94330197	0.95891059	0.06118346	0.92714972	0.94017612	0.04854514	0.92673650	0.95265291	0.92780150	0.93758368	0.03432291	0.94312979	0.93332824	0.95425939	0.95482337	0.95124974	0.94817989	0.93837382	0.94608408	0.02460428	0.94742669	0.02753932	0.92260362	0.93263347	0.91990817	0.03079275	0.04569116	0.03808416	0.91941163	0.91035040	0.05001469	0.02757552
0.98251897	0.06508017	0.05931865	0.05775945	0.98332082	0.06277014	0.01582643	0.98609087	0.03499679	0.05615610	0.06261184	0.05898123	0.04832563	0.98195170	0.08014904	0.03654533	0.06597388	0.05989239	0.06673182	0.98316374	0.06710353	0.03971910	0.03086197	0.97950233	0.05292258	0.97821406	0.03402894	0.06183083	0.97788200	0.02382749	0.04989216	0.97697675	0.98432065	0.97516044	0.98469610	0.02574334	0.99322181	0.98537793	0.03241081	0.02501101	0.03596437	0.02455384	0.94692867	0.03934637	0.00000000	0.96615191	0.98176052	0.05781532	0.94999966	0.96302605	0.06212788	0.04005421	0.97550285	0.95065144	0.96043362	0.03646193	0.96597973	0.95617818	0.06703266	0.06350650	0.04530851	0.04409782	0.96122376	0.96893402	0.04784079	0.97027663	0.04302895	0.94545356	0.95548340	0.02721110	0.05409595	0.02720022	0.02774619	0.05166679	0.93320033	0.02945742	0.03238538
0.04154425	0.96764631	0.93784919	0.96984646	0.02839270	0.96602442	0.93903468	0.03945927	0.96278614	0.97047616	0.97142830	0.96988338	0.97410684	0.05241141	0.96822750	0.92373345	0.97189508	0.97278591	0.97293010	0.04948219	0.96732574	0.96373969	0.96891558	0.04705659	0.96617727	0.03962108	0.94881017	0.92797518	0.05047216	0.94558758	0.96498754	0.04831926	0.03800941	0.04967851	0.04129383	0.93494340	0.02538449	0.04048200	0.92575399	0.95444561	0.93679893	0.96471111	0.04328890	0.94330197	0.96615191	0.00000000	0.02778751	0.96354469	0.05226960	0.94723320	0.94619700	0.93379359	0.03695872	0.93485859	0.04538842	0.92331720	0.95018687	0.94038532	0.96131647	0.96188045	0.95830683	0.95523698	0.94543091	0.03852314	0.96293437	0.03934744	0.93072976	0.92966071	0.04137609	0.92696525	0.94450535	0.95987181	0.93946463	0.92646871	0.91740748	0.95139516	0.03364035
0.03480937	0.98325493	0.95345781	0.98545508	0.02223418	0.98163304	0.95464329	0.02584704	0.97839476	0.98608478	0.98703692	0.98549200	0.98971546	0.03705475	0.98383611	0.93934206	0.98750370	0.98839453	0.98853872	0.04229043	0.98293436	0.97934830	0.98452420	0.03615155	0.98178589	0.02859005	0.96441879	0.94358380	0.03214041	0.96119620	0.98059616	0.03317216	0.03712150	0.03475742	0.03831725	0.95055202	0.03860575	0.02638647	0.94136261	0.97005423	0.95240755	0.98031973	0.04084617	0.95891059	0.98176052	0.02778751	0.00000000	0.97915330	0.04332543	0.96284182	0.96180561	0.94940220	0.02754584	0.03365573	0.03861863	0.93892581	0.96579549	0.95599394	0.97692509	0.97748907	0.97391545	0.97084560	0.04019562	0.03777337	0.97854299	0.03734125	0.94633838	0.94526933	0.03198659	0.94257387	0.96011397	0.97548043	0.95507325	0.94207733	0.93301610	0.96700378	0.04164657
