0.00000	0.04068	0.05889	0.07934	0.05681	0.09154	0.05430	0.06868	0.05270	0.05916	0.05119	0.05805	0.07101	0.06166	0.08423	0.07308	0.04343	0.06819	0.04821	0.05627	0.05656	0.06470	0.05858	0.06487	0.06883	0.04896	0.06050	0.04375	0.06549	0.07168	0.05549	0.08064	0.04562	0.05938	0.04415	0.07127	0.05824	0.07521	0.06971	0.06189	0.07467	0.06746	0.05304	0.06859	0.06755	0.05288	0.03323	0.04276	0.04446	0.07476	0.06451	0.05141	0.08975	0.05363	0.07441	0.05916	0.06528	0.06407	0.06639	0.07835	0.05947	0.06372	0.05936	0.05379	0.04626	0.06458	0.09532	0.05300	0.05071	0.08270	0.06026	0.06542	0.07715	0.07257	0.05438	0.05953	0.06045	0.06938	0.04637	0.05288	0.04729
0.04068	0.00000	0.04470	0.05137	0.04652	0.08402	0.04542	0.05102	0.04723	0.06179	0.04351	0.04302	0.05820	0.05807	0.06337	0.06488	0.03890	0.05469	0.04813	0.06621	0.04162	0.04753	0.05837	0.05176	0.05829	0.03322	0.05738	0.03960	0.06085	0.06776	0.04905	0.07185	0.03817	0.06297	0.03820	0.06204	0.05569	0.06288	0.05756	0.04878	0.06229	0.05079	0.03524	0.05908	0.05829	0.04758	0.03673	0.03569	0.04686	0.05987	0.05957	0.04797	0.07769	0.04227	0.06624	0.05381	0.04758	0.05225	0.06242	0.06783	0.05984	0.05921	0.04492	0.04911	0.03773	0.04755	0.08367	0.04657	0.05243	0.07444	0.06479	0.05316	0.05779	0.06118	0.04614	0.03813	0.05432	0.05264	0.04673	0.02982	0.04304
0.05889	0.04470	0.00000	0.07491	0.05597	0.08717	0.02884	0.04268	0.04572	0.04704	0.04863	0.04704	0.03590	0.04903	0.07145	0.06960	0.04608	0.04370	0.04141	0.05956	0.03355	0.03047	0.05373	0.02824	0.06912	0.04100	0.04654	0.03453	0.05280	0.05766	0.03720	0.05592	0.03935	0.06045	0.04532	0.05202	0.04900	0.07284	0.04631	0.03783	0.07764	0.04491	0.03100	0.03776	0.04137	0.03981	0.04684	0.05023	0.04293	0.07094	0.04819	0.05009	0.06398	0.02782	0.07318	0.04785	0.04582	0.03953	0.06543	0.05494	0.05318	0.05958	0.03143	0.04722	0.03502	0.02597	0.08433	0.03963	0.05289	0.06416	0.06251	0.03792	0.07314	0.05229	0.05561	0.04330	0.05191	0.04489	0.05628	0.03151	0.05300
0.07934	0.05137	0.07491	0.00000	0.07771	0.09314	0.07512	0.07063	0.07412	0.07800	0.07280	0.07498	0.08568	0.08035	0.05138	0.05507	0.06594	0.07645	0.06656	0.08807	0.07921	0.06805	0.08374	0.08150	0.04895	0.06863	0.08140	0.06281	0.06053	0.09194	0.07324	0.09010	0.07100	0.07776	0.07372	0.07257	0.08325	0.06099	0.06519	0.07379	0.04976	0.07742	0.07016	0.07860	0.07550	0.07387	0.06750	0.06883	0.07743	0.06419	0.08171	0.07361	0.07750	0.07940	0.05202	0.07658	0.07336	0.06914	0.08138	0.08216	0.08341	0.08763	0.07335	0.07957	0.07176	0.07983	0.09350	0.06731	0.07776	0.09002	0.08206	0.08024	0.05188	0.08566	0.07822	0.06572	0.08233	0.05796	0.07652	0.06035	0.06546
0.05681	0.04652	0.05597	0.07771	0.00000	0.08994	0.04523	0.05989	0.05400	0.05309	0.05604	0.05453	0.06899	0.06621	0.08230	0.07891	0.04927	0.06394	0.05489	0.07473	0.04851	0.06151	0.06457	0.06316	0.07583	0.04711	0.05353	0.04958	0.06005	0.07230	0.06628	0.08225	0.05020	0.06823	0.06314	0.05561	0.06562	0.07695	0.06799	0.05908	0.08635	0.06145	0.06343	0.06784	0.06513	0.05614	0.03728	0.05046	0.06134	0.07889	0.05801	0.04302	0.09108	0.05061	0.08687	0.05821	0.05808	0.05198	0.06205	0.07625	0.06624	0.06731	0.04336	0.05568	0.05593	0.05724	0.08153	0.06527	0.05469	0.07846	0.06540	0.06123	0.08248	0.06498	0.03927	0.05475	0.05600	0.05239	0.06079	0.05314	0.04743
0.09154	0.08402	0.08717	0.09314	0.08994	0.00000	0.08376	0.10010	0.09187	0.08526	0.09647	0.09834	0.09742	0.09319	0.08289	0.07285	0.08654	0.09694	0.09669	0.10109	0.08997	0.07963	0.09149	0.09253	0.08614	0.09437	0.09177	0.09693	0.07327	0.10705	0.09593	0.09771	0.09523	0.10373	0.10374	0.09628	0.09876	0.07001	0.08484	0.09066	0.08017	0.09441	0.09422	0.09400	0.08935	0.09034	0.08624	0.09265	0.09206	0.09040	0.08357	0.08042	0.07322	0.08692	0.08877	0.09073	0.09799	0.07419	0.09962	0.09049	0.09463	0.09604	0.08017	0.08586	0.10296	0.09245	0.08324	0.08689	0.07469	0.09550	0.09270	0.08396	0.08902	0.09409	0.10473	0.09629	0.09900	0.07642	0.09356	0.08017	0.09350
0.05430	0.04542	0.02884	0.07512	0.04523	0.08376	0.00000	0.05474	0.03420	0.04681	0.04566	0.03776	0.04072	0.05181	0.07352	0.07490	0.04124	0.04559	0.04042	0.05765	0.03799	0.03840	0.05771	0.03345	0.06733	0.04149	0.03749	0.03856	0.05241	0.05669	0.03621	0.05606	0.03196	0.06094	0.04079	0.05069	0.04669	0.07413	0.05019	0.03526	0.07714	0.04748	0.04184	0.04464	0.04928	0.03777	0.04182	0.04192	0.04333	0.07335	0.03580	0.04105	0.07504	0.01865	0.07853	0.04345	0.04915	0.04296	0.05875	0.05827	0.04613	0.05989	0.03552	0.04457	0.04265	0.02649	0.08035	0.03803	0.05130	0.06294	0.05229	0.03674	0.07368	0.04976	0.04994	0.04119	0.04494	0.04468	0.05345	0.03097	0.04763
0.06868	0.05102	0.04268	0.07063	0.05989	0.10010	0.05474	0.00000	0.06628	0.05338	0.07509	0.07018	0.05894	0.08273	0.08431	0.08050	0.05992	0.07382	0.06505	0.08416	0.05151	0.05168	0.06685	0.05299	0.07310	0.06058	0.06362	0.06674	0.06210	0.08110	0.07175	0.07197	0.06768	0.06439	0.06458	0.07850	0.07656	0.07380	0.05753	0.05683	0.08198	0.06505	0.05882	0.06541	0.05183	0.07700	0.06193	0.06900	0.07160	0.08456	0.05223	0.05802	0.07024	0.05770	0.08408	0.06433	0.04999	0.04579	0.08045	0.05827	0.07495	0.07514	0.04138	0.06947	0.06531	0.04805	0.06552	0.07239	0.06045	0.08010	0.07507	0.06233	0.07981	0.06001	0.06597	0.06054	0.06956	0.05119	0.06936	0.06041	0.05778
0.05270	0.04723	0.04572	0.07412	0.05400	0.09187	0.03420	0.06628	0.00000	0.05706	0.05077	0.05409	0.05661	0.04648	0.07573	0.07327	0.03801	0.05743	0.04260	0.04812	0.04605	0.04688	0.04797	0.04744	0.07489	0.04568	0.04337	0.04504	0.06117	0.04732	0.05239	0.06930	0.04068	0.05663	0.05679	0.05518	0.03274	0.08385	0.05970	0.04254	0.09052	0.05172	0.04086	0.04705	0.06716	0.04229	0.04055	0.04668	0.03706	0.07470	0.06640	0.05118	0.07691	0.03686	0.07780	0.04818	0.06770	0.04986	0.06313	0.07392	0.03281	0.04102	0.05140	0.04472	0.02133	0.04684	0.10378	0.04279	0.05696	0.08248	0.04907	0.04591	0.07959	0.06956	0.05501	0.04309	0.03492	0.05639	0.04943	0.03079	0.05009
0.05916	0.06179	0.04704	0.07800	0.05309	0.08526	0.04681	0.05338	0.05706	0.00000	0.05510	0.04968	0.05851	0.06228	0.07722	0.07219	0.05460	0.06566	0.05716	0.06601	0.05204	0.04002	0.05755	0.04420	0.06985	0.05198	0.04048	0.04944	0.05622	0.06272	0.05665	0.07322	0.05107	0.04201	0.05796	0.03731	0.05768	0.07654	0.05775	0.03673	0.08124	0.05089	0.04618	0.03469	0.05128	0.05116	0.05934	0.05733	0.06005	0.06425	0.06492	0.05518	0.06852	0.04144	0.07208	0.04501	0.05649	0.06019	0.07490	0.07888	0.05940	0.06798	0.05240	0.05794	0.04567	0.04657	0.09163	0.06254	0.06931	0.07949	0.07354	0.05851	0.07868	0.07622	0.04746	0.05995	0.05580	0.05008	0.05733	0.04522	0.06311
0.05119	0.04351	0.04863	0.07280	0.05604	0.09647	0.04566	0.07509	0.05077	0.05510	0.00000	0.04656	0.05994	0.03157	0.07218	0.07635	0.03365	0.05326	0.04234	0.07379	0.05083	0.04666	0.07212	0.05231	0.07366	0.04513	0.03930	0.04477	0.06858	0.06234	0.03596	0.07523	0.03582	0.05871	0.04334	0.04688	0.04914	0.07230	0.06591	0.05312	0.08008	0.05678	0.05322	0.04670	0.06102	0.03757	0.04020	0.04614	0.03065	0.07341	0.06080	0.04975	0.07971	0.04550	0.07975	0.04518	0.06023	0.05456	0.04402	0.07200	0.05584	0.06831	0.05242	0.03718	0.05049	0.04880	0.08785	0.03834	0.04815	0.08298	0.05957	0.05334	0.06897	0.06826	0.05909	0.05128	0.05846	0.05798	0.04412	0.03944	0.03896
0.05805	0.04302	0.04704	0.07498	0.05453	0.09834	0.03776	0.07018	0.05409	0.04968	0.04656	0.00000	0.06680	0.05933	0.07660	0.06896	0.04974	0.05604	0.05426	0.05898	0.04817	0.05518	0.06652	0.05842	0.07231	0.04432	0.05323	0.04833	0.05918	0.07158	0.05074	0.07724	0.04739	0.05859	0.05133	0.05848	0.06035	0.07521	0.06379	0.05743	0.07195	0.05859	0.05284	0.05711	0.05899	0.05393	0.04939	0.04801	0.05349	0.07141	0.06522	0.04887	0.08608	0.04367	0.06927	0.04768	0.04745	0.06506	0.05476	0.06915	0.06252	0.06939	0.05157	0.05159	0.04922	0.05441	0.08546	0.05398	0.04396	0.07589	0.06016	0.06984	0.07607	0.07093	0.05696	0.04800	0.05655	0.05196	0.04763	0.04943	0.04836
0.07101	0.05820	0.03590	0.08568	0.06899	0.09742	0.04072	0.05894	0.05661	0.05851	0.05994	0.06680	0.00000	0.06569	0.08274	0.08302	0.05744	0.05598	0.05718	0.06792	0.05154	0.04552	0.06377	0.03497	0.08034	0.05651	0.05493	0.05025	0.06547	0.06483	0.05519	0.04154	0.05295	0.06224	0.06322	0.05079	0.05578	0.08163	0.06425	0.05356	0.09036	0.05874	0.05732	0.04968	0.05392	0.05378	0.06137	0.06706	0.06153	0.07930	0.06158	0.05938	0.07973	0.04386	0.08112	0.05717	0.06366	0.05246	0.07438	0.05816	0.05762	0.07137	0.05663	0.06500	0.05652	0.03535	0.09181	0.05088	0.06538	0.05251	0.06582	0.04498	0.08632	0.04643	0.07235	0.05968	0.05786	0.05803	0.06460	0.04585	0.06063
0.06166	0.05807	0.04903	0.08035	0.06621	0.09319	0.05181	0.08273	0.04648	0.06228	0.03157	0.05933	0.06569	0.00000	0.07039	0.07221	0.03521	0.05362	0.04405	0.06386	0.05531	0.05902	0.07510	0.05679	0.07810	0.05836	0.05354	0.04828	0.07028	0.05848	0.04329	0.08013	0.04042	0.07263	0.05621	0.04994	0.04708	0.08159	0.06550	0.05891	0.09354	0.06744	0.05538	0.05447	0.06814	0.03058	0.04470	0.05347	0.02426	0.07768	0.07401	0.06131	0.07869	0.05316	0.08337	0.05725	0.06655	0.05997	0.05069	0.07860	0.05184	0.06025	0.06084	0.03294	0.05450	0.05845	0.10543	0.03691	0.04074	0.08973	0.05737	0.05566	0.08119	0.07787	0.07331	0.05663	0.05059	0.06186	0.04441	0.04762	0.04436
0.08423	0.06337	0.07145	0.05138	0.08230	0.08289	0.07352	0.08431	0.07573	0.07722	0.07218	0.07660	0.08274	0.07039	0.00000	0.05379	0.06895	0.07623	0.06842	0.08792	0.08121	0.06450	0.08147	0.07534	0.04944	0.07540	0.08077	0.07097	0.06444	0.08805	0.06906	0.09113	0.07012	0.08985	0.07675	0.07828	0.08106	0.05510	0.06408	0.07638	0.05870	0.08478	0.06916	0.07739	0.08218	0.06788	0.07050	0.07577	0.07049	0.06763	0.08349	0.07809	0.06784	0.07607	0.06352	0.08016	0.07303	0.06117	0.08786	0.07294	0.08012	0.08488	0.07824	0.07840	0.07326	0.07667	0.08661	0.06832	0.08257	0.09507	0.08356	0.07112	0.06376	0.08917	0.08661	0.07336	0.08051	0.06464	0.08618	0.06353	0.07870
0.07308	0.06488	0.06960	0.05507	0.07891	0.07285	0.07490	0.08050	0.07327	0.07219	0.07635	0.06896	0.08302	0.07221	0.05379	0.00000	0.07186	0.07197	0.07232	0.08154	0.08066	0.06634	0.08186	0.08059	0.06408	0.07313	0.07671	0.07288	0.05790	0.09233	0.07232	0.08923	0.07214	0.08478	0.07812	0.07145	0.08252	0.04008	0.06441	0.07604	0.06438	0.07916	0.06903	0.07495	0.07334	0.06872	0.07359	0.07281	0.07311	0.07441	0.08130	0.06932	0.06089	0.07795	0.06874	0.07843	0.06931	0.05847	0.08387	0.07541	0.08390	0.08456	0.07365	0.08014	0.07837	0.08463	0.07395	0.07076	0.07792	0.09333	0.07851	0.07807	0.06768	0.08236	0.08375	0.07167	0.08262	0.06454	0.07460	0.05918	0.06937
0.04343	0.03890	0.04608	0.06594	0.04927	0.08654	0.04124	0.05992	0.03801	0.05460	0.03365	0.04974	0.05744	0.03521	0.06895	0.07186	0.00000	0.05444	0.03645	0.07029	0.05292	0.05169	0.05670	0.05121	0.07256	0.04445	0.04668	0.04126	0.06518	0.05542	0.04498	0.06951	0.03314	0.06060	0.04524	0.05463	0.04550	0.07261	0.06055	0.04569	0.07630	0.05853	0.04509	0.05062	0.06889	0.03778	0.03603	0.03695	0.02866	0.07273	0.06335	0.05702	0.07855	0.04399	0.07613	0.05039	0.06051	0.05171	0.05561	0.07721	0.05056	0.05314	0.05102	0.02944	0.04222	0.04856	0.10103	0.03628	0.04922	0.07741	0.05823	0.05121	0.07219	0.06772	0.05324	0.05158	0.04964	0.05715	0.03093	0.03981	0.04728
0.06819	0.05469	0.04370	0.07645	0.06394	0.09694	0.04559	0.07382	0.05743	0.06566	0.05326	0.05604	0.05598	0.05362	0.07623	0.07197	0.05444	0.00000	0.04262	0.07600	0.05600	0.05670	0.07800	0.05490	0.07559	0.05549	0.06368	0.04297	0.06309	0.07226	0.04664	0.07106	0.04799	0.07482	0.04669	0.06723	0.06089	0.07379	0.06265	0.06415	0.08341	0.06352	0.05286	0.05908	0.06217	0.04047	0.05477	0.04573	0.05020	0.07761	0.05759	0.06168	0.07747	0.05251	0.07672	0.06152	0.06650	0.05736	0.06182	0.06190	0.06544	0.06786	0.06013	0.05340	0.05648	0.04951	0.08969	0.04362	0.05846	0.07200	0.06191	0.05376	0.07819	0.06625	0.07686	0.05386	0.06698	0.05955	0.06106	0.05148	0.04094
0.04821	0.04813	0.04141	0.06656	0.05489	0.09669	0.04042	0.06505	0.04260	0.05716	0.04234	0.05426	0.05718	0.04405	0.06842	0.07232	0.03645	0.04262	0.00000	0.06114	0.04971	0.04982	0.05444	0.05478	0.06082	0.04419	0.05360	0.03540	0.06105	0.05471	0.04450	0.07261	0.02939	0.06511	0.04874	0.06936	0.05072	0.07083	0.05127	0.04782	0.07312	0.05618	0.04304	0.05554	0.06410	0.03443	0.03802	0.03264	0.03536	0.06895	0.06183	0.05140	0.07925	0.04264	0.06605	0.05626	0.05632	0.04930	0.05273	0.06734	0.05097	0.06466	0.05812	0.03789	0.03919	0.04788	0.09664	0.03522	0.05145	0.07692	0.05617	0.04957	0.06568	0.06629	0.05351	0.04871	0.05265	0.05059	0.04834	0.04048	0.02853
0.05627	0.06621	0.05956	0.08807	0.07473	0.10109	0.05765	0.08416	0.04812	0.06601	0.07379	0.05898	0.06792	0.06386	0.08792	0.08154	0.07029	0.07600	0.06114	0.00000	0.06407	0.06481	0.06269	0.06393	0.07703	0.06328	0.06577	0.06488	0.07251	0.04124	0.07134	0.08233	0.06163	0.06942	0.06595	0.07532	0.03331	0.08593	0.07727	0.06662	0.09193	0.06371	0.06524	0.06725	0.07122	0.06649	0.05801	0.07893	0.06546	0.07884	0.06201	0.06005	0.08900	0.06037	0.07759	0.07084	0.08250	0.07271	0.08214	0.08657	0.02672	0.06772	0.06582	0.06346	0.05094	0.06586	0.08608	0.06317	0.05524	0.08290	0.02578	0.06558	0.07571	0.07560	0.07624	0.06185	0.03069	0.06242	0.07255	0.05965	0.05676
0.05656	0.04162	0.03355	0.07921	0.04851	0.08997	0.03799	0.05151	0.04605	0.05204	0.05083	0.04817	0.05154	0.05531	0.08121	0.08066	0.05292	0.05600	0.04971	0.06407	0.00000	0.02559	0.05901	0.03969	0.07064	0.03866	0.04215	0.03994	0.05961	0.06216	0.04754	0.07141	0.04547	0.05989	0.04923	0.04106	0.05550	0.08269	0.05627	0.04013	0.08855	0.04174	0.04562	0.04569	0.03908	0.04693	0.03923	0.05378	0.04517	0.07399	0.05554	0.04261	0.07600	0.03599	0.08213	0.03909	0.04515	0.04064	0.06387	0.06492	0.05591	0.06229	0.03583	0.05377	0.04399	0.03847	0.09535	0.04953	0.04317	0.06979	0.06047	0.04327	0.08186	0.05120	0.05125	0.04154	0.05346	0.04525	0.05440	0.04106	0.04246
0.06470	0.04753	0.03047	0.06805	0.06151	0.07963	0.03840	0.05168	0.04688	0.04002	0.04666	0.05518	0.04552	0.05902	0.06450	0.06634	0.05169	0.05670	0.04982	0.06481	0.02559	0.00000	0.05644	0.03791	0.06339	0.03990	0.03346	0.04668	0.05187	0.06554	0.04142	0.06526	0.04471	0.05489	0.06074	0.03349	0.05659	0.07509	0.05148	0.03464	0.07730	0.04486	0.04142	0.03238	0.04328	0.04616	0.04925	0.06041	0.05234	0.06791	0.05789	0.04903	0.06012	0.03477	0.07176	0.03826	0.05136	0.03274	0.07110	0.06100	0.05630	0.06640	0.04731	0.06003	0.04337	0.03751	0.08814	0.04827	0.05997	0.07369	0.06595	0.03889	0.06943	0.06355	0.05538	0.04461	0.05503	0.04143	0.06075	0.03794	0.05243
0.05858	0.05837	0.05373	0.08374	0.06457	0.09149	0.05771	0.06685	0.04797	0.05755	0.07212	0.06652	0.06377	0.07510	0.08147	0.08186	0.05670	0.07800	0.05444	0.06269	0.05901	0.05644	0.00000	0.06274	0.07177	0.05369	0.06598	0.06343	0.07344	0.05631	0.06709	0.07900	0.05897	0.06247	0.07007	0.07952	0.06049	0.08331	0.06560	0.05597	0.08670	0.07311	0.06107	0.07046	0.07428	0.06628	0.05954	0.06412	0.06713	0.07391	0.06699	0.06135	0.09087	0.05968	0.07392	0.06506	0.07740	0.06064	0.08096	0.08299	0.06246	0.06725	0.06218	0.06149	0.04942	0.06379	0.08975	0.05922	0.06797	0.09256	0.06642	0.06022	0.07786	0.06883	0.05817	0.07149	0.05880	0.06555	0.06359	0.05496	0.07086
0.06487	0.05176	0.02824	0.08150	0.06316	0.09253	0.03345	0.05299	0.04744	0.04420	0.05231	0.05842	0.03497	0.05679	0.07534	0.08059	0.05121	0.05490	0.05478	0.06393	0.03969	0.03791	0.06274	0.00000	0.07534	0.05131	0.04487	0.04680	0.05512	0.06082	0.04907	0.05577	0.04571	0.06150	0.05809	0.04818	0.05212	0.08580	0.05948	0.04544	0.09235	0.05505	0.04690	0.03778	0.04117	0.04760	0.05497	0.05768	0.05247	0.07680	0.05820	0.05421	0.07401	0.03800	0.08320	0.04354	0.05604	0.04736	0.07169	0.05056	0.05384	0.07044	0.04295	0.05898	0.05195	0.01941	0.09237	0.04720	0.06375	0.06365	0.06232	0.03682	0.08318	0.04757	0.05768	0.04933	0.05595	0.05112	0.06620	0.04184	0.05687
0.06883	0.05829	0.06912	0.04895	0.07583	0.08614	0.06733	0.07310	0.07489	0.06985	0.07366	0.07231	0.08034	0.07810	0.04944	0.06408	0.07256	0.07559	0.06082	0.07703	0.07064	0.06339	0.07177	0.07534	0.00000	0.06380	0.07826	0.05939	0.06451	0.08168	0.06264	0.08651	0.06581	0.08122	0.06651	0.07788	0.07748	0.05852	0.06770	0.06663	0.05738	0.07598	0.06520	0.07506	0.07362	0.07122	0.05543	0.06700	0.07523	0.04963	0.07201	0.07171	0.07528	0.07259	0.04394	0.07023	0.07194	0.06473	0.08298	0.07083	0.07589	0.08242	0.06856	0.07971	0.06542	0.07381	0.08932	0.06851	0.07070	0.09312	0.08002	0.07311	0.03736	0.07572	0.08002	0.05985	0.07849	0.06102	0.08300	0.06261	0.06023
0.04896	0.03322	0.04100	0.06863	0.04711	0.09437	0.04149	0.06058	0.04568	0.05198	0.04513	0.04432	0.05651	0.05836	0.07540	0.07313	0.04445	0.05549	0.04419	0.06328	0.03866	0.03990	0.05369	0.05131	0.06380	0.00000	0.04788	0.04331	0.06637	0.06193	0.05117	0.07122	0.04050	0.05157	0.04734	0.05147	0.05335	0.07283	0.05103	0.04329	0.07533	0.04128	0.04363	0.04855	0.05453	0.04832	0.04016	0.04516	0.05203	0.07181	0.05134	0.03568	0.08478	0.04236	0.07105	0.03954	0.05102	0.04490	0.06290	0.06520	0.05636	0.06063	0.04648	0.04894	0.03709	0.04675	0.09216	0.04902	0.05300	0.07610	0.05949	0.05289	0.06792	0.05892	0.04637	0.04099	0.05361	0.04910	0.05356	0.04307	0.04183
0.06050	0.05738	0.04654	0.08140	0.05353	0.09177	0.03749	0.06362	0.04337	0.04048	0.03930	0.05323	0.05493	0.05354	0.08077	0.07671	0.04668	0.06368	0.05360	0.06577	0.04215	0.03346	0.06598	0.04487	0.07826	0.04788	0.00000	0.05015	0.05847	0.06373	0.04949	0.06830	0.04720	0.04918	0.05348	0.03784	0.04901	0.08306	0.06457	0.04011	0.08694	0.04269	0.04380	0.02518	0.05534	0.04818	0.05199	0.05467	0.04557	0.07828	0.06481	0.04364	0.07367	0.04063	0.08175	0.03033	0.05241	0.05491	0.06787	0.08761	0.05500	0.06160	0.05024	0.04913	0.04182	0.04829	0.10093	0.05111	0.05858	0.07458	0.06386	0.05638	0.07765	0.06571	0.03935	0.04917	0.04973	0.05060	0.05291	0.04062	0.05303
0.04375	0.03960	0.03453	0.06281	0.04958	0.09693	0.03856	0.06674	0.04504	0.04944	0.04477	0.04833	0.05025	0.04828	0.07097	0.07288	0.04126	0.04297	0.03540	0.06488	0.03994	0.04668	0.06343	0.04680	0.05939	0.04331	0.05015	0.00000	0.06295	0.06064	0.02655	0.06987	0.02831	0.05956	0.04192	0.05973	0.04676	0.07048	0.06125	0.04690	0.07625	0.05467	0.04193	0.04685	0.05592	0.02954	0.03197	0.03695	0.04132	0.06933	0.05696	0.04827	0.08009	0.03931	0.07210	0.05221	0.05955	0.05134	0.05427	0.06584	0.05370	0.06376	0.04660	0.05152	0.04428	0.04246	0.09101	0.03736	0.04750	0.06963	0.05500	0.04901	0.06506	0.06030	0.05977	0.04163	0.05023	0.05166	0.05113	0.03682	0.03435
0.06549	0.06085	0.05280	0.06053	0.06005	0.07327	0.05241	0.06210	0.06117	0.05622	0.06858	0.05918	0.06547	0.07028	0.06444	0.05790	0.06518	0.06309	0.06105	0.07251	0.05961	0.05187	0.07344	0.05512	0.06451	0.06637	0.05847	0.06295	0.00000	0.08003	0.06775	0.07824	0.06181	0.07027	0.06799	0.06159	0.07068	0.06199	0.05822	0.06132	0.07158	0.07038	0.06244	0.05456	0.05607	0.06269	0.05962	0.06871	0.06799	0.07813	0.06258	0.05842	0.05050	0.05707	0.07068	0.05736	0.06002	0.04968	0.07536	0.05427	0.07201	0.08262	0.05232	0.07529	0.06776	0.05809	0.04471	0.05625	0.07210	0.07771	0.07533	0.05750	0.07189	0.06887	0.06869	0.06576	0.07385	0.04179	0.07552	0.06247	0.05658
0.07168	0.06776	0.05766	0.09194	0.07230	0.10705	0.05669	0.08110	0.04732	0.06272	0.06234	0.07158	0.06483	0.05848	0.08805	0.09233	0.05542	0.07226	0.05471	0.04124	0.06216	0.06554	0.05631	0.06082	0.08168	0.06193	0.06373	0.06064	0.08003	0.00000	0.06439	0.08121	0.06012	0.06583	0.06529	0.06728	0.02463	0.09469	0.07145	0.06386	0.10410	0.06566	0.06114	0.06471	0.07313	0.05839	0.05715	0.07130	0.06086	0.08545	0.07639	0.06362	0.09209	0.05929	0.08608	0.06611	0.07765	0.06644	0.07312	0.08464	0.02237	0.06491	0.06733	0.05780	0.05217	0.06222	0.11316	0.06141	0.06236	0.08962	0.03915	0.06246	0.08237	0.07902	0.07514	0.06309	0.03611	0.06535	0.07548	0.05604	0.05667
0.05549	0.04905	0.03720	0.07324	0.06628	0.09593	0.03621	0.07175	0.05239	0.05665	0.03596	0.05074	0.05519	0.04329	0.06906	0.07232	0.04498	0.04664	0.04450	0.07134	0.04754	0.04142	0.06709	0.04907	0.06264	0.05117	0.04949	0.02655	0.06775	0.06439	0.00000	0.07300	0.03325	0.07099	0.05012	0.04695	0.05282	0.07571	0.06294	0.05009	0.07311	0.06146	0.04348	0.04276	0.05986	0.02855	0.04114	0.04602	0.04547	0.07110	0.05894	0.06007	0.07474	0.03967	0.07432	0.04880	0.05532	0.05657	0.06145	0.06896	0.05935	0.06932	0.05444	0.05695	0.04840	0.04814	0.09369	0.03870	0.05940	0.08279	0.06646	0.04752	0.06767	0.06822	0.07052	0.04672	0.05971	0.05826	0.05383	0.04006	0.04593
0.08064	0.07185	0.05592	0.09010	0.08225	0.09771	0.05606	0.07197	0.06930	0.07322	0.07523	0.07724	0.04154	0.08013	0.09113	0.08923	0.06951	0.07106	0.07261	0.08233	0.07141	0.06526	0.07900	0.05577	0.08651	0.07122	0.06830	0.06987	0.07824	0.08121	0.07300	0.00000	0.06760	0.08934	0.07103	0.07353	0.07582	0.09090	0.07301	0.06967	0.09999	0.07253	0.07381	0.07046	0.07239	0.07233	0.07182	0.07666	0.07674	0.09284	0.06984	0.06904	0.08798	0.06101	0.09401	0.07177	0.07541	0.06545	0.08905	0.06981	0.07460	0.08607	0.06816	0.07709	0.07245	0.05405	0.10171	0.06702	0.08134	0.03798	0.08413	0.06052	0.09001	0.05157	0.08181	0.07136	0.07634	0.07207	0.08497	0.06167	0.07119
0.04562	0.03817	0.03935	0.07100	0.05020	0.09523	0.03196	0.06768	0.04068	0.05107	0.03582	0.04739	0.05295	0.04042	0.07012	0.07214	0.03314	0.04799	0.02939	0.06163	0.04547	0.04471	0.05897	0.04571	0.06581	0.04050	0.04720	0.02831	0.06181	0.06012	0.03325	0.06760	0.00000	0.06380	0.04203	0.05803	0.04999	0.07342	0.05805	0.04332	0.07804	0.05473	0.03945	0.05129	0.05997	0.02951	0.02800	0.03274	0.03340	0.07031	0.05818	0.04482	0.08181	0.03252	0.07246	0.05206	0.05778	0.05285	0.04912	0.07039	0.05368	0.06604	0.04956	0.04267	0.04458	0.04058	0.09476	0.03428	0.04807	0.07542	0.06049	0.05010	0.07372	0.06484	0.05076	0.04321	0.04810	0.05043	0.04937	0.03632	0.03393
0.05938	0.06297	0.06045	0.07776	0.06823	0.10373	0.06094	0.06439	0.05663	0.04201	0.05871	0.05859	0.06224	0.07263	0.08985	0.08478	0.06060	0.07482	0.06511	0.06942	0.05989	0.05489	0.06247	0.06150	0.08122	0.05157	0.04918	0.05956	0.07027	0.06583	0.07099	0.08934	0.06380	0.00000	0.06290	0.02456	0.06017	0.09435	0.07223	0.05447	0.09428	0.06422	0.05803	0.04455	0.07083	0.06339	0.06536	0.06626	0.06577	0.08831	0.08154	0.05918	0.08335	0.05744	0.08860	0.04588	0.07639	0.06836	0.08400	0.08754	0.06221	0.06271	0.06080	0.06933	0.05076	0.06424	0.09785	0.07146	0.06282	0.09023	0.07006	0.07364	0.08266	0.08248	0.07016	0.06299	0.06353	0.04905	0.06632	0.04629	0.05812
0.04415	0.03820	0.04532	0.07372	0.06314	0.10374	0.04079	0.06458	0.05679	0.05796	0.04334	0.05133	0.06322	0.05621	0.07675	0.07812	0.04524	0.04669	0.04874	0.06595	0.04923	0.06074	0.07007	0.05809	0.06651	0.04734	0.05348	0.04192	0.06799	0.06529	0.05012	0.07103	0.04203	0.06290	0.00000	0.06539	0.05761	0.07386	0.05999	0.05324	0.07764	0.05140	0.04811	0.06537	0.05654	0.04387	0.04337	0.04309	0.04910	0.07263	0.05680	0.04823	0.09624	0.04960	0.07371	0.05381	0.05407	0.06192	0.05530	0.07010	0.06041	0.06933	0.05677	0.05132	0.04745	0.05016	0.08938	0.04083	0.04285	0.06869	0.06252	0.06512	0.06921	0.06513	0.06159	0.05257	0.06055	0.05367	0.04861	0.04463	0.03083
0.07127	0.06204	0.05202	0.07257	0.05561	0.09628	0.05069	0.07850	0.05518	0.03731	0.04688	0.05848	0.05079	0.04994	0.07828	0.07145	0.05463	0.06723	0.06936	0.07532	0.04106	0.03349	0.07952	0.04818	0.07788	0.05147	0.03784	0.05973	0.06159	0.06728	0.04695	0.07353	0.05803	0.02456	0.06539	0.00000	0.05806	0.08489	0.06601	0.05443	0.08568	0.05179	0.06392	0.03474	0.05104	0.04709	0.05453	0.07716	0.06625	0.07564	0.06714	0.04500	0.07564	0.04946	0.08707	0.03032	0.05586	0.05457	0.06985	0.07185	0.06383	0.07154	0.06568	0.06461	0.05878	0.05740	0.08823	0.05900	0.06215	0.07738	0.06773	0.05512	0.07487	0.07170	0.06244	0.05122	0.06591	0.03651	0.06204	0.04775	0.05474
0.05824	0.05569	0.04900	0.08325	0.06562	0.09876	0.04669	0.07656	0.03274	0.05768	0.04914	0.06035	0.05578	0.04708	0.08106	0.08252	0.04550	0.06089	0.05072	0.03331	0.05550	0.05659	0.06049	0.05212	0.07748	0.05335	0.04901	0.04676	0.07068	0.02463	0.05282	0.07582	0.04999	0.06017	0.05761	0.05806	0.00000	0.08899	0.06802	0.05626	0.09376	0.06074	0.05020	0.05576	0.06834	0.04553	0.04874	0.05983	0.04669	0.07690	0.06764	0.05970	0.08754	0.04520	0.07939	0.05522	0.07247	0.05846	0.06923	0.07758	0.01984	0.06136	0.06442	0.05463	0.04097	0.05755	0.10344	0.04735	0.05459	0.08029	0.03581	0.05442	0.07867	0.07384	0.07703	0.05289	0.02604	0.06082	0.06201	0.04309	0.05189
0.07521	0.06288	0.07284	0.06099	0.07695	0.07001	0.07413	0.07380	0.08385	0.07654	0.07230	0.07521	0.08163	0.08159	0.05510	0.04008	0.07261	0.07379	0.07083	0.08593	0.08269	0.07509	0.08331	0.08580	0.05852	0.07283	0.08306	0.07048	0.06199	0.09469	0.07571	0.09090	0.07342	0.09435	0.07386	0.08489	0.08899	0.00000	0.06664	0.07601	0.06489	0.08108	0.07229	0.08427	0.07342	0.07684	0.06985	0.06931	0.08167	0.07071	0.08006	0.07192	0.06551	0.07811	0.06421	0.08286	0.06899	0.05968	0.08247	0.06900	0.08867	0.08530	0.07882	0.08140	0.07551	0.08235	0.07292	0.07388	0.07558	0.10177	0.08283	0.07826	0.06750	0.08276	0.08097	0.07480	0.08374	0.06594	0.07472	0.07095	0.07206
0.06971	0.05756	0.04631	0.06519	0.06799	0.08484	0.05019	0.05753	0.05970	0.05775	0.06591	0.06379	0.06425	0.06550	0.06408	0.06441	0.06055	0.06265	0.05127	0.07727	0.05627	0.05148	0.06560	0.05948	0.06770	0.05103	0.06457	0.06125	0.05822	0.07145	0.06294	0.07301	0.05805	0.07223	0.05999	0.06601	0.06802	0.06664	0.00000	0.05727	0.07877	0.06193	0.05425	0.06216	0.05761	0.05616	0.06473	0.06345	0.06041	0.07083	0.05773	0.05574	0.06706	0.05554	0.06829	0.06239	0.05487	0.04549	0.07251	0.06298	0.06850	0.07111	0.05040	0.05856	0.06016	0.05620	0.08745	0.06190	0.06777	0.08258	0.06832	0.05507	0.06677	0.06954	0.06222	0.06170	0.06417	0.05546	0.06388	0.05320	0.05744
0.06189	0.04878	0.03783	0.07379	0.05908	0.09066	0.03526	0.05683	0.04254	0.03673	0.05312	0.05743	0.05356	0.05891	0.07638	0.07604	0.04569	0.06415	0.04782	0.06662	0.04013	0.03464	0.05597	0.04544	0.06663	0.04329	0.04011	0.04690	0.06132	0.06386	0.05009	0.06967	0.04332	0.05447	0.05324	0.05443	0.05626	0.07601	0.05727	0.00000	0.08026	0.04333	0.03667	0.04337	0.05360	0.04780	0.04916	0.05576	0.04859	0.06875	0.05021	0.04445	0.07319	0.03689	0.07551	0.04500	0.05131	0.04127	0.06926	0.06618	0.05480	0.06054	0.05307	0.05731	0.03817	0.04224	0.09494	0.04935	0.05555	0.07208	0.06838	0.04762	0.07365	0.06549	0.05121	0.04280	0.05948	0.04388	0.05992	0.04198	0.05563
0.07467	0.06229	0.07764	0.04976	0.08635	0.08017	0.07714	0.08198	0.09052	0.08124	0.08008	0.07195	0.09036	0.09354	0.05870	0.06438	0.07630	0.08341	0.07312	0.09193	0.08855	0.07730	0.08670	0.09235	0.05738	0.07533	0.08694	0.07625	0.07158	0.10410	0.07311	0.09999	0.07804	0.09428	0.07764	0.08568	0.09376	0.06489	0.07877	0.08026	0.00000	0.09599	0.08245	0.08752	0.08309	0.08630	0.07174	0.07860	0.08434	0.06826	0.06844	0.08296	0.08384	0.07816	0.05881	0.08366	0.07506	0.07831	0.09382	0.07466	0.09403	0.09891	0.07040	0.08927	0.08182	0.08783	0.08026	0.07583	0.08366	0.09725	0.09280	0.08630	0.05798	0.08923	0.09010	0.07914	0.09555	0.06802	0.08762	0.06887	0.07471
0.06746	0.05079	0.04491	0.07742	0.06145	0.09441	0.04748	0.06505	0.05172	0.05089	0.05678	0.05859	0.05874	0.06744	0.08478	0.07916	0.05853	0.06352	0.05618	0.06371	0.04174	0.04486	0.07311	0.05505	0.07598	0.04128	0.04269	0.05467	0.07038	0.06566	0.06146	0.07253	0.05473	0.06422	0.05140	0.05179	0.06074	0.08108	0.06193	0.04333	0.09599	0.00000	0.04944	0.04729	0.05321	0.05818	0.05446	0.06066	0.05977	0.07371	0.05955	0.04001	0.08595	0.04894	0.08355	0.04023	0.06003	0.05145	0.07372	0.07293	0.05801	0.06710	0.05512	0.06657	0.03941	0.05346	0.09904	0.06113	0.05608	0.07592	0.06591	0.05648	0.08146	0.07117	0.05144	0.04487	0.05989	0.05628	0.06597	0.04288	0.04905
0.05304	0.03524	0.03100	0.07016	0.06343	0.09422	0.04184	0.05882	0.04086	0.04618	0.05322	0.05284	0.05732	0.05538	0.06916	0.06903	0.04509	0.05286	0.04304	0.06524	0.04562	0.04142	0.06107	0.04690	0.06520	0.04363	0.04380	0.04193	0.06244	0.06114	0.04348	0.07381	0.03945	0.05803	0.04811	0.06392	0.05020	0.07229	0.05425	0.03667	0.08245	0.04944	0.00000	0.04845	0.05450	0.04110	0.04955	0.04668	0.04519	0.06920	0.06083	0.04917	0.07155	0.04048	0.07112	0.04658	0.05290	0.04916	0.07168	0.06516	0.05499	0.06276	0.05783	0.05804	0.03801	0.04655	0.09304	0.05053	0.05978	0.08531	0.06472	0.05368	0.06920	0.06548	0.06152	0.03232	0.05716	0.04727	0.05682	0.03213	0.04591
0.06859	0.05908	0.03776	0.07860	0.06784	0.09400	0.04464	0.06541	0.04705	0.03469	0.04670	0.05711	0.04968	0.05447	0.07739	0.07495	0.05062	0.05908	0.05554	0.06725	0.04569	0.03238	0.07046	0.03778	0.07506	0.04855	0.02518	0.04685	0.05456	0.06471	0.04276	0.07046	0.05129	0.04455	0.06537	0.03474	0.05576	0.08427	0.06216	0.04337	0.08752	0.04729	0.04845	0.00000	0.04927	0.04698	0.05710	0.06647	0.05497	0.08204	0.06503	0.05142	0.06620	0.04497	0.08251	0.02444	0.05583	0.04910	0.07268	0.06633	0.06049	0.06768	0.05350	0.06243	0.04779	0.04235	0.09269	0.05352	0.07000	0.08113	0.06712	0.05015	0.08096	0.06552	0.05772	0.04961	0.05908	0.04921	0.06653	0.04848	0.05671
0.06755	0.05829	0.04137	0.07550	0.06513	0.08935	0.04928	0.05183	0.06716	0.05128	0.06102	0.05899	0.05392	0.06814	0.08218	0.07334	0.06889	0.06217	0.06410	0.07122	0.03908	0.04328	0.07428	0.04117	0.07362	0.05453	0.05534	0.05592	0.05607	0.07313	0.05986	0.07239	0.05997	0.07083	0.05654	0.05104	0.06834	0.07342	0.05761	0.05360	0.08309	0.05321	0.05450	0.04927	0.00000	0.06297	0.05988	0.07238	0.06602	0.07637	0.06471	0.05850	0.07254	0.05090	0.07574	0.05313	0.05050	0.04697	0.07592	0.05811	0.06477	0.07679	0.04641	0.06777	0.05809	0.04135	0.08531	0.06209	0.06659	0.06848	0.07045	0.05209	0.07531	0.05975	0.06314	0.05801	0.06644	0.04953	0.07196	0.05359	0.05751
0.05288	0.04758	0.03981	0.07387	0.05614	0.09034	0.03777	0.07700	0.04229	0.05116	0.03757	0.05393	0.05378	0.03058	0.06788	0.06872	0.03778	0.04047	0.03443	0.06649	0.04693	0.04616	0.06628	0.04760	0.07122	0.04832	0.04818	0.02954	0.06269	0.05839	0.02855	0.07233	0.02951	0.06339	0.04387	0.04709	0.04553	0.07684	0.05616	0.04780	0.08630	0.05818	0.04110	0.04698	0.06297	0.00000	0.03689	0.03605	0.03652	0.07098	0.06821	0.04601	0.07619	0.04115	0.07658	0.04891	0.06290	0.05170	0.05738	0.06785	0.05224	0.05947	0.06039	0.04389	0.04713	0.04705	0.10144	0.02686	0.05360	0.07920	0.05949	0.04701	0.07369	0.07049	0.06403	0.04695	0.05011	0.05509	0.05334	0.03923	0.03299
0.03323	0.03673	0.04684	0.06750	0.03728	0.08624	0.04182	0.06193	0.04055	0.05934	0.04020	0.04939	0.06137	0.04470	0.07050	0.07359	0.03603	0.05477	0.03802	0.05801	0.03923	0.04925	0.05954	0.05497	0.05543	0.04016	0.05199	0.03197	0.05962	0.05715	0.04114	0.07182	0.02800	0.06536	0.04337	0.05453	0.04874	0.06985	0.06473	0.04916	0.07174	0.05446	0.04955	0.05710	0.05988	0.03689	0.00000	0.03576	0.03984	0.06404	0.05429	0.04376	0.08511	0.04190	0.06933	0.05047	0.05740	0.05715	0.05004	0.07181	0.04791	0.05774	0.04711	0.04370	0.03731	0.05239	0.09730	0.03748	0.04386	0.07657	0.05868	0.05191	0.06576	0.06475	0.04800	0.03999	0.04676	0.05239	0.05224	0.04479	0.02983
0.04276	0.03569	0.05023	0.06883	0.05046	0.09265	0.04192	0.06900	0.04668	0.05733	0.04614	0.04801	0.06706	0.05347	0.07577	0.07281	0.03695	0.04573	0.03264	0.07893	0.05378	0.06041	0.06412	0.05768	0.06700	0.04516	0.05467	0.03695	0.06871	0.07130	0.04602	0.07666	0.03274	0.06626	0.04309	0.07716	0.05983	0.06931	0.06345	0.05576	0.07860	0.06066	0.04668	0.06647	0.07238	0.03605	0.03576	0.00000	0.03709	0.07928	0.06168	0.04853	0.09059	0.04685	0.07562	0.06006	0.05885	0.05527	0.05505	0.07330	0.06322	0.07177	0.05727	0.04066	0.05348	0.05515	0.08350	0.04251	0.04999	0.08146	0.06813	0.06061	0.07076	0.06338	0.05469	0.04589	0.05822	0.05791	0.04441	0.04485	0.03356
0.04446	0.04686	0.04293	0.07743	0.06134	0.09206	0.04333	0.07160	0.03706	0.06005	0.03065	0.05349	0.06153	0.02426	0.07049	0.07311	0.02866	0.05020	0.03536	0.06546	0.04517	0.05234	0.06713	0.05247	0.07523	0.05203	0.04557	0.04132	0.06799	0.06086	0.04547	0.07674	0.03340	0.06577	0.04910	0.06625	0.04669	0.08167	0.06041	0.04859	0.08434	0.05977	0.04519	0.05497	0.06602	0.03652	0.03984	0.03709	0.00000	0.07323	0.06863	0.05390	0.07825	0.04591	0.07746	0.05537	0.06094	0.05352	0.04616	0.07226	0.05246	0.06322	0.06161	0.02823	0.04660	0.05069	0.09486	0.03841	0.03871	0.08233	0.06132	0.05529	0.07837	0.07407	0.05933	0.04995	0.05615	0.05414	0.03742	0.04125	0.04145
0.07476	0.05987	0.07094	0.06419	0.07889	0.09040	0.07335	0.08456	0.07470	0.06425	0.07341	0.07141	0.07930	0.07768	0.06763	0.07441	0.07273	0.07761	0.06895	0.07884	0.07399	0.06791	0.07391	0.07680	0.04963	0.07181	0.07828	0.06933	0.07813	0.08545	0.07110	0.09284	0.07031	0.08831	0.07263	0.07564	0.07690	0.07071	0.07083	0.06875	0.06826	0.07371	0.06920	0.08204	0.07637	0.07098	0.06404	0.07928	0.07323	0.00000	0.06382	0.07550	0.08762	0.07351	0.05875	0.07920	0.07836	0.06639	0.07815	0.08138	0.07414	0.08918	0.07035	0.07839	0.06903	0.07841	0.08674	0.06951	0.08307	0.09911	0.07842	0.07186	0.04586	0.08702	0.08143	0.06412	0.07775	0.06896	0.07837	0.04953	0.07228
0.06451	0.05957	0.04819	0.08171	0.05801	0.08357	0.03580	0.05223	0.06640	0.06492	0.06080	0.06522	0.06158	0.07401	0.08349	0.08130	0.06335	0.05759	0.06183	0.06201	0.05554	0.05789	0.06699	0.05820	0.07201	0.05134	0.06481	0.05696	0.06258	0.07639	0.05894	0.06984	0.05818	0.08154	0.05680	0.06714	0.06764	0.08006	0.05773	0.05021	0.06844	0.05955	0.06083	0.06503	0.06471	0.06821	0.05429	0.06168	0.06863	0.06382	0.00000	0.05520	0.08464	0.04239	0.07897	0.06866	0.04685	0.04980	0.08255	0.07123	0.06522	0.06627	0.04034	0.06542	0.05538	0.04777	0.07284	0.05602	0.06533	0.07559	0.06709	0.04568	0.07293	0.06166	0.05265	0.06467	0.06799	0.06173	0.06566	0.05357	0.06684
0.05141	0.04797	0.05009	0.07361	0.04302	0.08042	0.04105	0.05802	0.05118	0.05518	0.04975	0.04887	0.05938	0.06131	0.07809	0.06932	0.05702	0.06168	0.05140	0.06005	0.04261	0.04903	0.06135	0.05421	0.07171	0.03568	0.04364	0.04827	0.05842	0.06362	0.06007	0.06904	0.04482	0.05918	0.04823	0.04500	0.05970	0.07192	0.05574	0.04445	0.08296	0.04001	0.04917	0.05142	0.05850	0.04601	0.04376	0.04853	0.05390	0.07550	0.05520	0.00000	0.08078	0.04203	0.07600	0.04704	0.05269	0.04861	0.06560	0.07114	0.05871	0.04879	0.04281	0.05146	0.04069	0.04855	0.08600	0.05744	0.06219	0.07439	0.06102	0.05291	0.07398	0.05626	0.03004	0.05300	0.05647	0.05557	0.05762	0.04037	0.04529
0.08975	0.07769	0.06398	0.07750	0.09108	0.07322	0.07504	0.07024	0.07691	0.06852	0.07971	0.08608	0.07973	0.07869	0.06784	0.06089	0.07855	0.07747	0.07925	0.08900	0.07600	0.06012	0.09087	0.07401	0.07528	0.08478	0.07367	0.08009	0.05050	0.09209	0.07474	0.08798	0.08181	0.08335	0.09624	0.07564	0.08754	0.06551	0.06706	0.07319	0.08384	0.08595	0.07155	0.06620	0.07254	0.07619	0.08511	0.09059	0.07825	0.08762	0.08464	0.08078	0.00000	0.07370	0.08126	0.07069	0.06670	0.05127	0.09458	0.06715	0.08509	0.09018	0.08109	0.08881	0.07766	0.07632	0.07108	0.07960	0.08553	0.09541	0.09034	0.06847	0.08116	0.08883	0.09802	0.07789	0.08913	0.06317	0.09552	0.07615	0.08402
0.05363	0.04227	0.02782	0.07940	0.05061	0.08692	0.01865	0.05770	0.03686	0.04144	0.04550	0.04367	0.04386	0.05316	0.07607	0.07795	0.04399	0.05251	0.04264	0.06037	0.03599	0.03477	0.05968	0.03800	0.07259	0.04236	0.04063	0.03931	0.05707	0.05929	0.03967	0.06101	0.03252	0.05744	0.04960	0.04946	0.04520	0.07811	0.05554	0.03689	0.07816	0.04894	0.04048	0.04497	0.05090	0.04115	0.04190	0.04685	0.04591	0.07351	0.04239	0.04203	0.07370	0.00000	0.07811	0.04502	0.04344	0.04594	0.06283	0.06721	0.04995	0.06149	0.03470	0.04820	0.04002	0.03129	0.08446	0.04003	0.04771	0.06936	0.05822	0.03922	0.07467	0.05682	0.05118	0.03718	0.04600	0.04424	0.05508	0.02631	0.04814
0.07441	0.06624	0.07318	0.05202	0.08687	0.08877	0.07853	0.08408	0.07780	0.07208	0.07975	0.06927	0.08112	0.08337	0.06352	0.06874	0.07613	0.07672	0.06605	0.07759	0.08213	0.07176	0.07392	0.08320	0.04394	0.07105	0.08175	0.07210	0.07068	0.08608	0.07432	0.09401	0.07246	0.08860	0.07371	0.08707	0.07939	0.06421	0.06829	0.07551	0.05881	0.08355	0.07112	0.08251	0.07574	0.07658	0.06933	0.07562	0.07746	0.05875	0.07897	0.07600	0.08126	0.07811	0.00000	0.08259	0.08753	0.07419	0.07658	0.08030	0.07623	0.08092	0.07095	0.07921	0.06967	0.08350	0.07975	0.07066	0.07642	0.09638	0.07560	0.07979	0.04717	0.08510	0.08782	0.07041	0.07602	0.06883	0.07464	0.05548	0.06277
0.05916	0.05381	0.04785	0.07658	0.05821	0.09073	0.04345	0.06433	0.04818	0.04501	0.04518	0.04768	0.05717	0.05725	0.08016	0.07843	0.05039	0.06152	0.05626	0.07084	0.03909	0.03826	0.06506	0.04354	0.07023	0.03954	0.03033	0.05221	0.05736	0.06611	0.04880	0.07177	0.05206	0.04588	0.05381	0.03032	0.05522	0.08286	0.06239	0.04500	0.08366	0.04023	0.04658	0.02444	0.05313	0.04891	0.05047	0.06006	0.05537	0.07920	0.06866	0.04704	0.07069	0.04502	0.08259	0.00000	0.06534	0.05647	0.06898	0.06879	0.05860	0.05810	0.05332	0.06155	0.04157	0.04753	0.09750	0.05141	0.06505	0.08122	0.06381	0.05523	0.07756	0.06691	0.05305	0.04629	0.06126	0.05363	0.06120	0.04668	0.05488
0.06528	0.04758	0.04582	0.07336	0.05808	0.09799	0.04915	0.04999	0.06770	0.05649	0.06023	0.04745	0.06366	0.06655	0.07303	0.06931	0.06051	0.06650	0.05632	0.08250	0.04515	0.05136	0.07740	0.05604	0.07194	0.05102	0.05241	0.05955	0.06002	0.07765	0.05532	0.07541	0.05778	0.07639	0.05407	0.05586	0.07247	0.06899	0.05487	0.05131	0.07506	0.06003	0.05290	0.05583	0.05050	0.06290	0.05740	0.05885	0.06094	0.07836	0.04685	0.05269	0.06670	0.04344	0.08753	0.06534	0.00000	0.03814	0.07390	0.06744	0.07383	0.07349	0.03021	0.05954	0.05820	0.05241	0.06713	0.06764	0.07128	0.08755	0.07582	0.05361	0.07040	0.07262	0.05281	0.05817	0.06893	0.05466	0.05887	0.04383	0.06157
0.06407	0.05225	0.03953	0.06914	0.05198	0.07419	0.04296	0.04579	0.04986	0.06019	0.05456	0.06506	0.05246	0.05997	0.06117	0.05847	0.05171	0.05736	0.04930	0.07271	0.04064	0.03274	0.06064	0.04736	0.06473	0.04490	0.05491	0.05134	0.04968	0.06644	0.05657	0.06545	0.05285	0.06836	0.06192	0.05457	0.05846	0.05968	0.04549	0.04127	0.07831	0.05145	0.04916	0.04910	0.04697	0.05170	0.05715	0.05527	0.05352	0.06639	0.04980	0.04861	0.05127	0.04594	0.07419	0.05647	0.03814	0.00000	0.07429	0.05291	0.06009	0.06654	0.04176	0.05417	0.05024	0.04226	0.07478	0.05335	0.07219	0.07076	0.06674	0.03859	0.06647	0.05679	0.05069	0.05026	0.05942	0.04582	0.06162	0.04388	0.06421
0.06639	0.06242	0.06543	0.08138	0.06205	0.09962	0.05875	0.08045	0.06313	0.07490	0.04402	0.05476	0.07438	0.05069	0.08786	0.08387	0.05561	0.06182	0.05273	0.08214	0.06387	0.07110	0.08096	0.07169	0.08298	0.06290	0.06787	0.05427	0.07536	0.07312	0.06145	0.08905	0.04912	0.08400	0.05530	0.06985	0.06923	0.08247	0.07251	0.06926	0.09382	0.07372	0.07168	0.07268	0.07592	0.05738	0.05004	0.05505	0.04616	0.07815	0.08255	0.06560	0.09458	0.06283	0.07658	0.06898	0.07390	0.07429	0.00000	0.08544	0.06548	0.07294	0.06151	0.04492	0.06416	0.06646	0.10999	0.05953	0.05201	0.08792	0.06431	0.07689	0.08408	0.07903	0.07169	0.06772	0.06642	0.06482	0.06533	0.05984	0.04625
0.07835	0.06783	0.05494	0.08216	0.07625	0.09049	0.05827	0.05827	0.07392	0.07888	0.07200	0.06915	0.05816	0.07860	0.07294	0.07541	0.07721	0.06190	0.06734	0.08657	0.06492	0.06100	0.08299	0.05056	0.07083	0.06520	0.08761	0.06584	0.05427	0.08464	0.06896	0.06981	0.07039	0.08754	0.07010	0.07185	0.07758	0.06900	0.06298	0.06618	0.07466	0.07293	0.06516	0.06633	0.05811	0.06785	0.07181	0.07330	0.07226	0.08138	0.07123	0.07114	0.06715	0.06721	0.08030	0.06879	0.06744	0.05291	0.08544	0.00000	0.08025	0.08075	0.05994	0.08069	0.06514	0.05330	0.07317	0.06779	0.08532	0.07173	0.08005	0.05776	0.08010	0.05520	0.07730	0.07372	0.08080	0.06559	0.08660	0.07272	0.07865
0.05947	0.05984	0.05318	0.08341	0.06624	0.09463	0.04613	0.07495	0.03281	0.05940	0.05584	0.06252	0.05762	0.05184	0.08012	0.08390	0.05056	0.06544	0.05097	0.02672	0.05591	0.05630	0.06246	0.05384	0.07589	0.05636	0.05500	0.05370	0.07201	0.02237	0.05935	0.07460	0.05368	0.06221	0.06041	0.06383	0.01984	0.08867	0.06850	0.05480	0.09403	0.05801	0.05499	0.06049	0.06477	0.05224	0.04791	0.06322	0.05246	0.07414	0.06522	0.05871	0.08509	0.04995	0.07623	0.05860	0.07383	0.06009	0.06548	0.08025	0.00000	0.05731	0.06303	0.05329	0.04247	0.05451	0.10552	0.05146	0.05630	0.07746	0.02620	0.05556	0.07497	0.07358	0.07114	0.05265	0.02158	0.06116	0.06266	0.04413	0.05182
