0.00000	0.03995	0.04522	0.06140	0.03680	0.06069	0.03920	0.07061	0.03881	0.04621	0.03460	0.03883	0.05916	0.04001	0.06325	0.08388	0.02690	0.03430	0.02983	0.05284	0.04387	0.03915	0.04002	0.04670	0.05199	0.04534	0.05532	0.03558	0.06283	0.05452	0.02880	0.06067	0.03343	0.05197	0.04145	0.05365	0.05470	0.05400	0.05957	0.05115	0.04977	0.04121	0.03884	0.05729	0.05432	0.03847	0.04135	0.01477	0.03631	0.03243	0.04890	0.04468	0.05759	0.04281	0.06941	0.03990	0.06855	0.04432	0.04395	0.06220	0.03510	0.06415	0.05297	0.04521	0.04145	0.06923	0.04041	0.04684	0.04555	0.06527	0.03992	0.04519	0.08112	0.05616	0.05082	0.05980	0.04553	0.05944	0.04926	0.04279	0.03280	0.05041	0.05370	0.04202	0.03657	0.03542
0.03995	0.00000	0.04632	0.06557	0.04994	0.05680	0.04733	0.06786	0.04518	0.04927	0.05125	0.04958	0.05954	0.04538	0.06292	0.08164	0.04023	0.04450	0.04053	0.06783	0.04276	0.04720	0.04420	0.05069	0.04655	0.05323	0.05804	0.04534	0.06041	0.06269	0.04362	0.06396	0.04883	0.05083	0.04467	0.04682	0.05599	0.05483	0.05991	0.05031	0.04763	0.05267	0.04349	0.05969	0.05767	0.05346	0.03826	0.03894	0.04310	0.04607	0.03724	0.04641	0.05490	0.04837	0.06540	0.04872	0.05725	0.05085	0.04937	0.06639	0.04592	0.06936	0.06171	0.05387	0.04915	0.06435	0.05323	0.05373	0.05449	0.06572	0.03858	0.05360	0.08346	0.06134	0.05260	0.04999	0.05241	0.05564	0.05421	0.05276	0.03105	0.05887	0.04779	0.05060	0.04030	0.05023
0.04522	0.04632	0.00000	0.07315	0.04797	0.05184	0.04363	0.05610	0.04987	0.04367	0.05459	0.04157	0.03859	0.05473	0.07359	0.09048	0.04852	0.04131	0.05056	0.06181	0.03481	0.03403	0.03652	0.03511	0.05945	0.04651	0.05076	0.04419	0.06012	0.06174	0.04502	0.04875	0.05636	0.05129	0.05032	0.04413	0.05803	0.05796	0.05089	0.05047	0.05960	0.04821	0.04366	0.04197	0.04032	0.04672	0.05292	0.04542	0.06064	0.05367	0.05968	0.04355	0.05434	0.04710	0.06314	0.03158	0.07331	0.04596	0.04038	0.05594	0.05416	0.05240	0.05213	0.05237	0.04758	0.06587	0.05855	0.05607	0.03616	0.05984	0.04925	0.05786	0.06793	0.05621	0.04085	0.06174	0.04922	0.03803	0.05183	0.04960	0.04286	0.05723	0.05523	0.05776	0.04880	0.05410
0.06140	0.06557	0.07315	0.00000	0.07285	0.06748	0.07345	0.08024	0.07088	0.06568	0.07284	0.06697	0.07797	0.07747	0.05643	0.06935	0.06984	0.06704	0.06949	0.08013	0.06874	0.07194	0.07023	0.07853	0.04479	0.07651	0.07872	0.07324	0.06124	0.08612	0.07175	0.08251	0.07007	0.08253	0.07434	0.07401	0.08183	0.06158	0.05986	0.06902	0.04776	0.07662	0.07031	0.08634	0.07011	0.06581	0.07132	0.06319	0.06566	0.06953	0.04773	0.06983	0.08691	0.07551	0.07381	0.07011	0.04781	0.07498	0.07613	0.06817	0.07599	0.07530	0.08023	0.07841	0.07769	0.07665	0.07465	0.07973	0.08059	0.07421	0.07043	0.07530	0.09691	0.08360	0.06913	0.04479	0.07479	0.07580	0.07460	0.07484	0.06181	0.07872	0.06413	0.07904	0.07157	0.07611
0.03680	0.04994	0.04797	0.07285	0.00000	0.06102	0.03214	0.06594	0.04176	0.02029	0.04424	0.03195	0.05014	0.04265	0.06593	0.08651	0.04244	0.04905	0.03512	0.05469	0.03922	0.03605	0.02946	0.03832	0.06508	0.03576	0.03481	0.04305	0.06055	0.06016	0.04456	0.05649	0.03435	0.03703	0.03280	0.03175	0.05061	0.05327	0.06344	0.04024	0.06491	0.02734	0.03037	0.04930	0.04923	0.03754	0.04368	0.03879	0.03982	0.05055	0.06186	0.02773	0.03280	0.04407	0.06633	0.03829	0.08092	0.03150	0.03707	0.05744	0.04847	0.05501	0.04623	0.03850	0.03241	0.05522	0.04344	0.04784	0.04555	0.07042	0.04525	0.05015	0.07855	0.05706	0.04311	0.06694	0.04240	0.05316	0.03329	0.04321	0.03852	0.05423	0.05146	0.04684	0.02913	0.04044
0.06069	0.05680	0.05184	0.06748	0.06102	0.00000	0.06135	0.05680	0.06282	0.05546	0.06987	0.06091	0.06135	0.06613	0.05474	0.06752	0.06029	0.05793	0.06062	0.08455	0.05764	0.05602	0.05151	0.06259	0.05084	0.06595	0.06749	0.06630	0.05048	0.07631	0.06021	0.06969	0.07070	0.06314	0.07042	0.06240	0.07954	0.05641	0.05127	0.06298	0.05840	0.06471	0.05968	0.06751	0.06266	0.06811	0.06912	0.06233	0.06725	0.06321	0.04974	0.05980	0.06573	0.06896	0.04543	0.05937	0.05206	0.06040	0.06177	0.05416	0.06941	0.07092	0.07234	0.07353	0.06469	0.07710	0.06625	0.06729	0.06385	0.05120	0.06288	0.06707	0.07922	0.07765	0.06077	0.04803	0.06562	0.06113	0.06613	0.06932	0.05360	0.07683	0.04643	0.07006	0.06326	0.07074
0.03920	0.04733	0.04363	0.07345	0.03214	0.06135	0.00000	0.06637	0.03510	0.03567	0.03854	0.04476	0.05026	0.04889	0.06813	0.09421	0.03837	0.03921	0.03214	0.05750	0.04123	0.03600	0.03777	0.03029	0.05883	0.04457	0.05319	0.03508	0.06808	0.06422	0.04270	0.05337	0.03769	0.03419	0.03347	0.04266	0.05653	0.05675	0.06342	0.04541	0.06109	0.02622	0.02511	0.06175	0.05557	0.04918	0.03814	0.03972	0.04100	0.04260	0.05769	0.02415	0.04573	0.04700	0.05786	0.03034	0.07844	0.02995	0.03033	0.05981	0.03901	0.06309	0.04621	0.05334	0.03883	0.06412	0.03845	0.05279	0.03055	0.06593	0.03809	0.04851	0.07763	0.05746	0.03147	0.06360	0.04921	0.05120	0.04050	0.04583	0.03743	0.05015	0.04949	0.05370	0.03022	0.04322
0.07061	0.06786	0.05610	0.08024	0.06594	0.05680	0.06637	0.00000	0.07515	0.06280	0.07681	0.07139	0.06262	0.08487	0.07156	0.08113	0.07060	0.07003	0.07056	0.08537	0.05592	0.06176	0.06216	0.06076	0.07061	0.06748	0.07217	0.07616	0.06013	0.08317	0.06886	0.07463	0.07866	0.07707	0.07434	0.06695	0.08227	0.07539	0.05404	0.06965	0.07913	0.07301	0.06896	0.06827	0.05880	0.07822	0.07731	0.07299	0.07257	0.07778	0.06582	0.05575	0.07201	0.07456	0.05443	0.05883	0.07343	0.07249	0.06591	0.06458	0.07768	0.06521	0.08009	0.07947	0.07575	0.06407	0.07992	0.07737	0.06497	0.06047	0.06285	0.08578	0.07589	0.08562	0.06442	0.07292	0.07719	0.06549	0.07289	0.07509	0.06552	0.07776	0.05523	0.07690	0.07048	0.08158
0.03881	0.04518	0.04987	0.07088	0.04176	0.06282	0.03510	0.07515	0.00000	0.04663	0.04015	0.04926	0.06215	0.05282	0.06985	0.09180	0.04123	0.04787	0.04143	0.04582	0.05109	0.04176	0.03597	0.05130	0.05503	0.05314	0.05976	0.04426	0.07064	0.05673	0.04571	0.05954	0.04934	0.04393	0.05409	0.05272	0.04512	0.06388	0.07013	0.05036	0.05528	0.03574	0.03254	0.06589	0.06073	0.03484	0.05099	0.03947	0.05053	0.04561	0.05058	0.04600	0.05318	0.03177	0.06929	0.04557	0.07240	0.04045	0.03879	0.06952	0.04499	0.06993	0.04109	0.03907	0.03614	0.07693	0.04489	0.03581	0.04748	0.07040	0.05224	0.05677	0.08003	0.04180	0.04637	0.06077	0.03362	0.05953	0.04529	0.03108	0.03881	0.03577	0.05381	0.05351	0.04226	0.05061
0.04621	0.04927	0.04367	0.06568	0.02029	0.05546	0.03567	0.06280	0.04663	0.00000	0.04355	0.03708	0.05415	0.04230	0.07051	0.08083	0.04302	0.05032	0.03957	0.06239	0.03943	0.03103	0.02960	0.04145	0.06621	0.03670	0.02550	0.04603	0.05219	0.06516	0.05239	0.06224	0.03997	0.02896	0.04206	0.01045	0.05829	0.05888	0.05363	0.03726	0.06369	0.02116	0.03384	0.03882	0.04453	0.04577	0.04666	0.04839	0.04430	0.05334	0.06693	0.03196	0.01782	0.04450	0.06484	0.04180	0.08123	0.02481	0.03509	0.06190	0.05083	0.05728	0.05487	0.04159	0.03327	0.03174	0.04465	0.04803	0.05054	0.06437	0.04332	0.04768	0.07951	0.06095	0.04219	0.06517	0.04104	0.05251	0.02976	0.04170	0.03767	0.06229	0.05316	0.04961	0.03368	0.05036
0.03460	0.05125	0.05459	0.07284	0.04424	0.06987	0.03854	0.07681	0.04015	0.04355	0.00000	0.04386	0.06338	0.03235	0.06684	0.08586	0.03150	0.04314	0.03187	0.06187	0.05289	0.04607	0.04490	0.04707	0.05925	0.05270	0.05717	0.03910	0.07823	0.06304	0.03842	0.06629	0.03662	0.04396	0.04685	0.05445	0.05708	0.06084	0.07296	0.05221	0.06398	0.03691	0.03640	0.06686	0.06047	0.04661	0.04038	0.03350	0.04543	0.02520	0.05946	0.04957	0.06102	0.04583	0.06538	0.04764	0.07862	0.04306	0.04692	0.07127	0.02767	0.07142	0.05510	0.05416	0.04130	0.07243	0.02034	0.05363	0.04784	0.07680	0.04371	0.03476	0.08893	0.06048	0.04888	0.06494	0.05020	0.06503	0.04577	0.04399	0.04517	0.04973	0.06022	0.04569	0.04677	0.04676
0.03883	0.04958	0.04157	0.06697	0.03195	0.06091	0.04476	0.07139	0.04926	0.03708	0.04386	0.00000	0.05091	0.05401	0.06249	0.07992	0.04478	0.04376	0.04463	0.06080	0.03234	0.03709	0.03598	0.04099	0.05967	0.04423	0.04239	0.05225	0.05471	0.06206	0.04553	0.05938	0.04603	0.04598	0.04604	0.03967	0.05529	0.06425	0.05747	0.03899	0.05631	0.03729	0.03694	0.05107	0.04498	0.04051	0.04505	0.03928	0.04599	0.04960	0.05451	0.03786	0.05138	0.04769	0.06586	0.03806	0.06763	0.03963	0.04333	0.05783	0.05013	0.06627	0.06184	0.04457	0.04413	0.06810	0.04788	0.05200	0.04611	0.06219	0.04258	0.05123	0.08268	0.05890	0.04354	0.05747	0.04040	0.05051	0.04013	0.04726	0.03836	0.05367	0.04507	0.04827	0.04062	0.05749
0.05916	0.05954	0.03859	0.07797	0.05014	0.06135	0.05026	0.06262	0.06215	0.05415	0.06338	0.05091	0.00000	0.06755	0.07233	0.09302	0.05298	0.05035	0.05963	0.07039	0.04549	0.04974	0.05044	0.03572	0.06381	0.05818	0.06339	0.05705	0.06492	0.07286	0.05441	0.03995	0.06140	0.06289	0.05937	0.05812	0.06784	0.06904	0.05783	0.05303	0.07015	0.05948	0.05492	0.05497	0.04823	0.06284	0.05918	0.05753	0.06067	0.06174	0.06107	0.04621	0.06939	0.06383	0.06927	0.04103	0.07326	0.05526	0.05203	0.05975	0.06519	0.05241	0.06604	0.06459	0.06181	0.07154	0.06769	0.06254	0.04301	0.06354	0.05548	0.06533	0.06257	0.07016	0.04768	0.06808	0.06195	0.02648	0.05759	0.06399	0.05175	0.06329	0.05625	0.06463	0.05805	0.06728
0.04001	0.04538	0.05473	0.07747	0.04265	0.06613	0.04889	0.08487	0.05282	0.04230	0.03235	0.05401	0.06755	0.00000	0.06588	0.08843	0.03523	0.04611	0.03241	0.06811	0.05470	0.05527	0.04768	0.04764	0.06261	0.05869	0.05194	0.03977	0.07513	0.06349	0.04862	0.07099	0.04034	0.04335	0.04721	0.05128	0.05635	0.04966	0.07287	0.04855	0.06049	0.04692	0.04743	0.05860	0.06829	0.05471	0.04022	0.04169	0.04558	0.03026	0.06001	0.04765	0.04797	0.05641	0.06440	0.05844	0.07891	0.04619	0.05554	0.07426	0.03307	0.07564	0.05435	0.05818	0.04066	0.06683	0.03034	0.05105	0.05420	0.07925	0.04444	0.02358	0.09396	0.05989	0.05976	0.06570	0.05667	0.06288	0.04720	0.05501	0.04900	0.05833	0.06057	0.04268	0.04853	0.04529
0.06325	0.06292	0.07359	0.05643	0.06593	0.05474	0.06813	0.07156	0.06985	0.07051	0.06684	0.06249	0.07233	0.06588	0.00000	0.05051	0.06161	0.06211	0.06133	0.07788	0.06697	0.06869	0.06450	0.07313	0.04843	0.07285	0.07211	0.06810	0.06362	0.08387	0.06890	0.07890	0.06320	0.07220	0.06445	0.06691	0.07655	0.04941	0.06679	0.06707	0.05558	0.07204	0.06631	0.07910	0.06819	0.07028	0.06971	0.05829	0.06342	0.06917	0.05529	0.06543	0.07556	0.07208	0.06450	0.06950	0.05972	0.06895	0.07274	0.05939	0.06872	0.06411	0.07312	0.07198	0.06798	0.08187	0.06772	0.06857	0.07660	0.06617	0.06378	0.06901	0.09614	0.07808	0.06898	0.04226	0.06946	0.07908	0.06870	0.07075	0.05966	0.07757	0.05549	0.07220	0.06315	0.06702
0.08388	0.08164	0.09048	0.06935	0.08651	0.06752	0.09421	0.08113	0.09180	0.08083	0.08586	0.07992	0.09302	0.08843	0.05051	0.00000	0.08436	0.08670	0.08912	0.09731	0.08457	0.08925	0.07978	0.09385	0.06903	0.09447	0.09819	0.09051	0.06355	0.09830	0.09124	0.10248	0.08276	0.09642	0.08611	0.08358	0.09890	0.06286	0.08711	0.08633	0.06839	0.09287	0.09016	0.10425	0.08511	0.08288	0.09050	0.08282	0.08222	0.08958	0.07585	0.08415	0.09514	0.09167	0.07608	0.08863	0.07429	0.08947	0.09618	0.07830	0.09408	0.08010	0.09703	0.09368	0.09064	0.08468	0.08755	0.09389	0.09771	0.08363	0.08577	0.08958	0.11396	0.10213	0.08747	0.06898	0.08580	0.09102	0.08668	0.09405	0.08549	0.10208	0.07778	0.08724	0.08944	0.09092
0.02690	0.04023	0.04852	0.06984	0.04244	0.06029	0.03837	0.07060	0.04123	0.04302	0.03150	0.04478	0.05298	0.03523	0.06161	0.08436	0.00000	0.03669	0.02589	0.05410	0.04447	0.03870	0.03685	0.04368	0.05153	0.04363	0.04979	0.03667	0.06997	0.05896	0.02927	0.05701	0.03208	0.04590	0.03916	0.04924	0.04940	0.05463	0.06214	0.04834	0.05337	0.03852	0.03801	0.05322	0.05398	0.04058	0.03826	0.02502	0.03671	0.02241	0.04903	0.04307	0.05413	0.04153	0.07185	0.04096	0.06709	0.04240	0.04107	0.06454	0.03104	0.07092	0.04916	0.04590	0.03413	0.07053	0.03192	0.04174	0.04146	0.07121	0.03650	0.03134	0.08303	0.05505	0.04748	0.05539	0.04379	0.05607	0.04556	0.03855	0.03634	0.04873	0.05536	0.03137	0.04217	0.04043
0.03430	0.04450	0.04131	0.06704	0.04905	0.05793	0.03921	0.07003	0.04787	0.05032	0.04314	0.04376	0.05035	0.04611	0.06211	0.08670	0.03669	0.00000	0.03560	0.06106	0.04434	0.04272	0.04644	0.04376	0.05305	0.04987	0.06469	0.03014	0.06314	0.06320	0.03077	0.05722	0.03861	0.05611	0.04028	0.05844	0.06152	0.05554	0.05525	0.05005	0.05017	0.04974	0.04423	0.05662	0.05328	0.04424	0.03897	0.03432	0.04414	0.04251	0.05018	0.04614	0.05770	0.04777	0.06150	0.03847	0.06359	0.05133	0.04614	0.05489	0.04625	0.06589	0.05809	0.05507	0.04995	0.07075	0.04654	0.05907	0.04629	0.06036	0.03790	0.04856	0.07804	0.06033	0.04340	0.05659	0.04598	0.05514	0.04767	0.04922	0.03925	0.05978	0.05776	0.05219	0.04657	0.04836
0.02983	0.04053	0.05056	0.06949	0.03512	0.06062	0.03214	0.07056	0.04143	0.03957	0.03187	0.04463	0.05963	0.03241	0.06133	0.08912	0.02589	0.03560	0.00000	0.05548	0.04741	0.04214	0.03764	0.03929	0.05625	0.04782	0.04884	0.02650	0.06922	0.05884	0.03147	0.06103	0.02838	0.03951	0.02944	0.04198	0.05127	0.04917	0.06771	0.04628	0.05527	0.03527	0.03338	0.05707	0.05799	0.04109	0.03061	0.02513	0.02895	0.03164	0.04979	0.03722	0.05069	0.04262	0.06637	0.04363	0.06998	0.03731	0.04531	0.06051	0.02694	0.06974	0.04503	0.04489	0.03057	0.06723	0.03146	0.04647	0.04799	0.07364	0.03280	0.03193	0.08591	0.05250	0.04798	0.05574	0.04444	0.05871	0.04516	0.04206	0.03873	0.04998	0.05123	0.03890	0.03368	0.02700
0.05284	0.06783	0.06181	0.08013	0.05469	0.08455	0.05750	0.08537	0.04582	0.06239	0.06187	0.06080	0.07039	0.06811	0.07788	0.09731	0.05410	0.06106	0.05548	0.00000	0.06224	0.06119	0.04806	0.06274	0.07288	0.06179	0.06988	0.06254	0.08666	0.03088	0.06087	0.06792	0.05712	0.06842	0.05938	0.06715	0.02608	0.06908	0.07369	0.06538	0.07151	0.06291	0.05673	0.07165	0.07140	0.04460	0.05902	0.05310	0.05615	0.05758	0.06821	0.05709	0.06392	0.05073	0.08838	0.06071	0.08064	0.06411	0.06350	0.07571	0.06034	0.07779	0.02657	0.04501	0.05356	0.07818	0.06394	0.04935	0.06674	0.08727	0.06400	0.06229	0.08944	0.03115	0.06287	0.07324	0.04848	0.06908	0.05573	0.04464	0.05669	0.02653	0.07226	0.05768	0.05820	0.06270
0.04387	0.04276	0.03481	0.06874	0.03922	0.05764	0.04123	0.05592	0.05109	0.03943	0.05289	0.03234	0.04549	0.05470	0.06697	0.08457	0.04447	0.04434	0.04741	0.06224	0.00000	0.02491	0.02793	0.03854	0.06164	0.03388	0.03271	0.04501	0.04751	0.06149	0.04248	0.05213	0.04774	0.04106	0.04498	0.03785	0.05388	0.05785	0.04937	0.04214	0.05993	0.03975	0.04342	0.03696	0.03732	0.04412	0.04938	0.04490	0.05535	0.05231	0.05813	0.03333	0.04570	0.04853	0.06312	0.02720	0.07120	0.03724	0.03043	0.04425	0.05251	0.05792	0.05930	0.04567	0.04545	0.05516	0.05808	0.04628	0.03873	0.05687	0.04858	0.06101	0.06966	0.06392	0.03035	0.06206	0.04778	0.03700	0.03313	0.04739	0.03847	0.05745	0.03846	0.04922	0.04132	0.05827
0.03915	0.04720	0.03403	0.07194	0.03605	0.05602	0.03600	0.06176	0.04176	0.03103	0.04607	0.03709	0.04974	0.05527	0.06869	0.08925	0.03870	0.04272	0.04214	0.06119	0.02491	0.00000	0.02921	0.03465	0.05878	0.03867	0.04798	0.04368	0.06397	0.06357	0.03279	0.04895	0.04933	0.03867	0.05080	0.04279	0.05583	0.06238	0.05278	0.04531	0.05637	0.02812	0.03488	0.04545	0.04094	0.04277	0.04840	0.03595	0.05577	0.04675	0.05492	0.03676	0.05024	0.04012	0.06028	0.02860	0.07434	0.03295	0.02057	0.05383	0.05042	0.06146	0.05257	0.04590	0.03869	0.06272	0.05145	0.04966	0.03718	0.05726	0.05277	0.05748	0.07644	0.05901	0.03644	0.06176	0.04170	0.04541	0.04077	0.03911	0.03434	0.05439	0.04560	0.05386	0.03713	0.05469
0.04002	0.04420	0.03652	0.07023	0.02946	0.05151	0.03777	0.06216	0.03597	0.02960	0.04490	0.03598	0.05044	0.04768	0.06450	0.07978	0.03685	0.04644	0.03764	0.04806	0.02793	0.02921	0.00000	0.04004	0.05789	0.03232	0.03833	0.04556	0.05557	0.04876	0.04244	0.05302	0.03981	0.03622	0.04561	0.03420	0.04586	0.05940	0.05118	0.03865	0.05599	0.03619	0.03521	0.04046	0.04891	0.03731	0.04262	0.03716	0.04732	0.04645	0.05210	0.03371	0.03665	0.03510	0.06696	0.03395	0.06975	0.03351	0.03675	0.05519	0.04550	0.06458	0.04298	0.03176	0.03362	0.05922	0.04845	0.03330	0.04183	0.06123	0.03960	0.04709	0.07103	0.05306	0.04038	0.05850	0.03180	0.04596	0.03091	0.03537	0.03261	0.04318	0.04269	0.04278	0.03921	0.04935
0.04670	0.05069	0.03511	0.07853	0.03832	0.06259	0.03029	0.06076	0.05130	0.04145	0.04707	0.04099	0.03572	0.04764	0.07313	0.09385	0.04368	0.04376	0.03929	0.06274	0.03854	0.03465	0.04004	0.00000	0.06076	0.04940	0.05194	0.03849	0.06486	0.06713	0.04409	0.04226	0.04256	0.04377	0.03644	0.04227	0.06214	0.06126	0.06363	0.04643	0.06729	0.03811	0.03516	0.05637	0.04259	0.05225	0.04592	0.04728	0.05104	0.05201	0.06488	0.03304	0.04761	0.05271	0.06140	0.03461	0.08182	0.03646	0.03406	0.05858	0.04706	0.04920	0.05184	0.05472	0.03984	0.05804	0.04908	0.05588	0.02520	0.06687	0.04564	0.05105	0.07333	0.06072	0.03693	0.06641	0.05079	0.03818	0.05152	0.04901	0.04281	0.06279	0.05386	0.05669	0.03753	0.04768
0.05199	0.04655	0.05945	0.04479	0.06508	0.05084	0.05883	0.07061	0.05503	0.06621	0.05925	0.05967	0.06381	0.06261	0.04843	0.06903	0.05153	0.05305	0.05625	0.07288	0.06164	0.05878	0.05789	0.06076	0.00000	0.06852	0.07644	0.05581	0.06314	0.07799	0.05487	0.07104	0.05989	0.06896	0.06358	0.06764	0.07144	0.05157	0.06722	0.05933	0.03521	0.06319	0.05493	0.07501	0.06739	0.05861	0.05638	0.04919	0.05736	0.05860	0.02767	0.06295	0.07780	0.05985	0.06300	0.06224	0.04163	0.06290	0.06085	0.06827	0.06212	0.07348	0.06691	0.06768	0.06137	0.09386	0.06167	0.06691	0.06672	0.06707	0.05680	0.06352	0.09438	0.07189	0.06055	0.02752	0.05961	0.06848	0.06808	0.06125	0.04507	0.06623	0.05367	0.07029	0.05182	0.06241
0.04534	0.05323	0.04651	0.07651	0.03576	0.06595	0.04457	0.06748	0.05314	0.03670	0.05270	0.04423	0.05818	0.05869	0.07285	0.09447	0.04363	0.04987	0.04782	0.06179	0.03388	0.03867	0.03232	0.04940	0.06852	0.00000	0.03597	0.05905	0.06045	0.06835	0.05155	0.06322	0.04910	0.04718	0.05242	0.04232	0.05523	0.07222	0.05502	0.04155	0.07159	0.03901	0.04426	0.04154	0.05201	0.04632	0.05319	0.04539	0.05807	0.05303	0.06347	0.03876	0.04451	0.05158	0.07428	0.03708	0.07425	0.04387	0.03935	0.05912	0.05744	0.06942	0.06139	0.04950	0.04810	0.05898	0.05631	0.04699	0.05129	0.06778	0.04990	0.06329	0.08047	0.06695	0.05185	0.07232	0.05148	0.05453	0.03891	0.04916	0.04495	0.05933	0.04747	0.05201	0.04376	0.06151
0.05532	0.05804	0.05076	0.07872	0.03481	0.06749	0.05319	0.07217	0.05976	0.02550	0.05717	0.04239	0.06339	0.05194	0.07211	0.09819	0.04979	0.06469	0.04884	0.06988	0.03271	0.04798	0.03833	0.05194	0.07644	0.03597	0.00000	0.06399	0.06990	0.07455	0.05711	0.06972	0.04919	0.03828	0.05845	0.03155	0.05869	0.06625	0.06636	0.04274	0.07469	0.03775	0.05239	0.04408	0.05527	0.05419	0.05733	0.05420	0.05875	0.06226	0.06905	0.04009	0.03823	0.05500	0.07143	0.05052	0.08206	0.04054	0.04652	0.06743	0.05518	0.07065	0.06711	0.04987	0.04645	0.05432	0.05797	0.05251	0.05630	0.07304	0.05251	0.06323	0.08878	0.07061	0.05433	0.07285	0.05481	0.05430	0.03819	0.05593	0.05265	0.06128	0.05225	0.05824	0.04738	0.06475
0.03558	0.04534	0.04419	0.07324	0.04305	0.06630	0.03508	0.07616	0.04426	0.04603	0.03910	0.05225	0.05705	0.03977	0.06810	0.09051	0.03667	0.03014	0.02650	0.06254	0.04501	0.04368	0.04556	0.03849	0.05581	0.05905	0.06399	0.00000	0.07413	0.06150	0.03088	0.06280	0.03120	0.04336	0.03531	0.04869	0.06013	0.05215	0.06805	0.04855	0.05366	0.04119	0.03779	0.06034	0.05803	0.05074	0.02224	0.03549	0.03729	0.04024	0.05558	0.03866	0.06026	0.05099	0.06042	0.04247	0.07222	0.03870	0.04148	0.06452	0.03561	0.06722	0.05255	0.05522	0.04177	0.06640	0.03582	0.05827	0.03800	0.07056	0.03858	0.04163	0.07846	0.05982	0.03663	0.06188	0.05496	0.05386	0.05224	0.05044	0.04023	0.05409	0.06045	0.04938	0.03905	0.03401
0.06283	0.06041	0.06012	0.06124	0.06055	0.05048	0.06808	0.06013	0.07064	0.05219	0.07823	0.05471	0.06492	0.07513	0.06362	0.06355	0.06997	0.06314	0.06922	0.08666	0.04751	0.06397	0.05557	0.06486	0.06314	0.06045	0.06990	0.07413	0.00000	0.08448	0.07461	0.07944	0.07429	0.07633	0.07389	0.05635	0.08321	0.06797	0.04414	0.06507	0.07105	0.07086	0.06656	0.06778	0.05890	0.06647	0.07342	0.06677	0.06703	0.07393	0.05899	0.04935	0.06955	0.07777	0.06133	0.05938	0.06062	0.06898	0.07087	0.04709	0.07761	0.06652	0.08035	0.07651	0.07331	0.06322	0.07703	0.07530	0.06979	0.04620	0.06103	0.07886	0.08907	0.08424	0.06241	0.06396	0.07026	0.06194	0.06986	0.07741	0.05712	0.08013	0.03777	0.07386	0.06331	0.07990
0.05452	0.06269	0.06174	0.08612	0.06016	0.07631	0.06422	0.08317	0.05673	0.06516	0.06304	0.06206	0.07286	0.06349	0.08387	0.09830	0.05896	0.06320	0.05884	0.03088	0.06149	0.06357	0.04876	0.06713	0.07799	0.06835	0.07455	0.06150	0.08448	0.00000	0.06497	0.07644	0.06361	0.06430	0.06783	0.06759	0.03258	0.07224	0.07237	0.06653	0.07553	0.06903	0.06134	0.07159	0.07149	0.05539	0.05906	0.05733	0.06510	0.06122	0.07259	0.06267	0.07351	0.06043	0.08407	0.06118	0.08291	0.06491	0.06967	0.07573	0.06621	0.08513	0.03640	0.05353	0.05766	0.08079	0.06744	0.05648	0.07216	0.08838	0.06269	0.06741	0.08795	0.03991	0.06454	0.07581	0.06104	0.06775	0.05999	0.05963	0.05566	0.03214	0.06961	0.05536	0.06539	0.06809
0.02880	0.04362	0.04502	0.07175	0.04456	0.06021	0.04270	0.06886	0.04571	0.05239	0.03842	0.04553	0.05441	0.04862	0.06890	0.09124	0.02927	0.03077	0.03147	0.06087	0.04248	0.03279	0.04244	0.04409	0.05487	0.05155	0.05711	0.03088	0.07461	0.06497	0.00000	0.05571	0.03212	0.05222	0.03752	0.06058	0.05754	0.05440	0.06528	0.05686	0.05576	0.04615	0.04176	0.05548	0.05465	0.04602	0.03598	0.02414	0.04192	0.03700	0.04976	0.04560	0.06285	0.04649	0.07007	0.03818	0.07046	0.04886	0.04027	0.06562	0.03945	0.06686	0.05643	0.04971	0.04405	0.08006	0.04145	0.05357	0.04591	0.06987	0.04176	0.04825	0.07901	0.06032	0.04681	0.05803	0.04871	0.05525	0.05186	0.04550	0.04009	0.05667	0.05772	0.04980	0.04218	0.03540
0.06067	0.06396	0.04875	0.08251	0.05649	0.06969	0.05337	0.07463	0.05954	0.06224	0.06629	0.05938	0.03995	0.07099	0.07890	0.10248	0.05701	0.05722	0.06103	0.06792	0.05213	0.04895	0.05302	0.04226	0.07104	0.06322	0.06972	0.06280	0.07944	0.07644	0.05571	0.00000	0.06434	0.06543	0.06232	0.07023	0.06936	0.07145	0.06784	0.06303	0.07156	0.06162	0.05603	0.06810	0.05739	0.06052	0.06038	0.05699	0.06413	0.06449	0.06538	0.05468	0.07118	0.05943	0.07878	0.05085	0.08143	0.06218	0.05268	0.06824	0.06719	0.06591	0.06246	0.06359	0.06184	0.07802	0.07133	0.06673	0.04655	0.06882	0.06428	0.06964	0.05038	0.07056	0.05592	0.07219	0.05791	0.03505	0.06186	0.05694	0.05259	0.06570	0.06387	0.07004	0.05872	0.06580
0.03343	0.04883	0.05636	0.07007	0.03435	0.07070	0.03769	0.07866	0.04934	0.03997	0.03662	0.04603	0.06140	0.04034	0.06320	0.08276	0.03208	0.03861	0.02838	0.05712	0.04774	0.04933	0.03981	0.04256	0.05989	0.04910	0.04919	0.03120	0.07429	0.06361	0.03212	0.06434	0.00000	0.04994	0.02742	0.05067	0.05378	0.04846	0.07013	0.05027	0.05950	0.04539	0.04218	0.06738	0.06006	0.04830	0.03099	0.02894	0.02743	0.04017	0.06024	0.03448	0.05259	0.05152	0.07283	0.04211	0.07457	0.04745	0.04627	0.06403	0.03687	0.06916	0.05554	0.04959	0.03910	0.06699	0.03709	0.05224	0.05209	0.08149	0.02890	0.04141	0.08426	0.06132	0.04650	0.06448	0.05264	0.05785	0.04043	0.05019	0.04390	0.05792	0.05591	0.04258	0.04317	0.03466
0.05197	0.05083	0.05129	0.08253	0.03703	0.06314	0.03419	0.07707	0.04393	0.02896	0.04396	0.04598	0.06289	0.04335	0.07220	0.09642	0.04590	0.05611	0.03951	0.06842	0.04106	0.03867	0.03622	0.04377	0.06896	0.04718	0.03828	0.04336	0.07633	0.06430	0.05222	0.06543	0.04994	0.00000	0.04854	0.03304	0.05667	0.06520	0.07169	0.04855	0.06554	0.01947	0.03380	0.04024	0.05927	0.05210	0.04517	0.05176	0.05161	0.05067	0.06255	0.04198	0.04397	0.05174	0.06298	0.05088	0.08496	0.01771	0.03326	0.06917	0.04545	0.07203	0.05185	0.05207	0.03591	0.06197	0.04445	0.05201	0.04338	0.06992	0.04416	0.04851	0.08750	0.06137	0.04686	0.07024	0.04754	0.05737	0.04575	0.05043	0.04236	0.05797	0.05634	0.05862	0.03630	0.04853
0.04145	0.04467	0.05032	0.07434	0.03280	0.07042	0.03347	0.07434	0.05409	0.04206	0.04685	0.04604	0.05937	0.04721	0.06445	0.08611	0.03916	0.04028	0.02944	0.05938	0.04498	0.05080	0.04561	0.03644	0.06358	0.05242	0.05845	0.03531	0.07389	0.06783	0.03752	0.06232	0.02742	0.04854	0.00000	0.04477	0.05585	0.05457	0.06722	0.04410	0.06337	0.04327	0.04101	0.06643	0.06149	0.04789	0.02745	0.03898	0.02381	0.04374	0.05786	0.03064	0.05635	0.05186	0.06825	0.04406	0.06942	0.04416	0.04988	0.06521	0.03855	0.06442	0.05408	0.05092	0.04210	0.06770	0.04430	0.05710	0.04817	0.07736	0.02699	0.04444	0.08697	0.06146	0.04984	0.06604	0.05355	0.05794	0.04577	0.05234	0.04560	0.05524	0.05656	0.04638	0.03855	0.03801
0.05365	0.04682	0.04413	0.07401	0.03175	0.06240	0.04266	0.06695	0.05272	0.01045	0.05445	0.03967	0.05812	0.05128	0.06691	0.08358	0.04924	0.05844	0.04198	0.06715	0.03785	0.04279	0.03420	0.04227	0.06764	0.04232	0.03155	0.04869	0.05635	0.06759	0.06058	0.07023	0.05067	0.03304	0.04477	0.00000	0.05867	0.06239	0.05790	0.03936	0.06905	0.02561	0.04102	0.03582	0.05039	0.05226	0.05018	0.05689	0.04729	0.05799	0.06141	0.02800	0.03746	0.05333	0.06240	0.04794	0.07138	0.02935	0.04330	0.06599	0.05410	0.06370	0.06195	0.05141	0.04006	0.04875	0.05342	0.05011	0.05157	0.06850	0.04286	0.05203	0.08482	0.06513	0.04593	0.06982	0.05515	0.05550	0.04031	0.05537	0.04613	0.05889	0.05418	0.05383	0.03859	0.05398
0.05470	0.05599	0.05803	0.08183	0.05061	0.07954	0.05653	0.08227	0.04512	0.05829	0.05708	0.05529	0.06784	0.05635	0.07655	0.09890	0.04940	0.06152	0.05127	0.02608	0.05388	0.05583	0.04586	0.06214	0.07144	0.05523	0.05869	0.06013	0.08321	0.03258	0.05754	0.06936	0.05378	0.05667	0.05585	0.05867	0.00000	0.06802	0.07840	0.06138	0.07187	0.05780	0.05210	0.05946	0.06706	0.04235	0.05495	0.05189	0.05759	0.05388	0.06542	0.05120	0.05810	0.04608	0.08647	0.05646	0.08439	0.06079	0.05949	0.07618	0.05922	0.08037	0.03270	0.04217	0.04691	0.07430	0.06083	0.04193	0.06578	0.08813	0.05821	0.05915	0.08916	0.02801	0.05937	0.07086	0.04684	0.06586	0.04912	0.04073	0.05301	0.02286	0.06257	0.04911	0.05704	0.06123
0.05400	0.05483	0.05796	0.06158	0.05327	0.05641	0.05675	0.07539	0.06388	0.05888	0.06084	0.06425	0.06904	0.04966	0.04941	0.06286	0.05463	0.05554	0.04917	0.06908	0.05785	0.06238	0.05940	0.06126	0.05157	0.07222	0.06625	0.05215	0.06797	0.07224	0.05440	0.07145	0.04846	0.06520	0.05457	0.06239	0.06802	0.00000	0.05893	0.06052	0.05312	0.06313	0.05270	0.07172	0.06499	0.06444	0.05228	0.05005	0.04976	0.06184	0.05467	0.04973	0.05594	0.06746	0.05455	0.06078	0.06318	0.05989	0.06510	0.05851	0.06098	0.06803	0.06652	0.06570	0.05772	0.06388	0.05598	0.05961	0.06930	0.06270	0.05489	0.05488	0.08648	0.07249	0.05936	0.05532	0.06541	0.06651	0.06110	0.06749	0.05485	0.06653	0.05850	0.06667	0.05513	0.04926
0.05957	0.05991	0.05089	0.05986	0.06344	0.05127	0.06342	0.05404	0.07013	0.05363	0.07296	0.05747	0.05783	0.07287	0.06679	0.08711	0.06214	0.05525	0.06771	0.07369	0.04937	0.05278	0.05118	0.06363	0.06722	0.05502	0.06636	0.06805	0.04414	0.07237	0.06528	0.06784	0.07013	0.07169	0.06722	0.05790	0.07840	0.05893	0.00000	0.06620	0.06438	0.06694	0.06337	0.05843	0.04455	0.06202	0.07211	0.06032	0.06629	0.06986	0.06341	0.05372	0.05646	0.07309	0.06634	0.05153	0.06875	0.06393	0.05819	0.04257	0.07427	0.05839	0.07484	0.06898	0.06948	0.05886	0.07698	0.07036	0.06394	0.05108	0.06563	0.07455	0.07611	0.07890	0.05411	0.06518	0.06538	0.05687	0.06006	0.07267	0.06156	0.07650	0.05814	0.06952	0.06680	0.06715
0.05115	0.05031	0.05047	0.06902	0.04024	0.06298	0.04541	0.06965	0.05036	0.03726	0.05221	0.03899	0.05303	0.04855	0.06707	0.08633	0.04834	0.05005	0.04628	0.06538	0.04214	0.04531	0.03865	0.04643	0.05933	0.04155	0.04274	0.04855	0.06507	0.06653	0.05686	0.06303	0.05027	0.04855	0.04410	0.03936	0.06138	0.06052	0.06620	0.00000	0.06201	0.04350	0.04390	0.05588	0.05416	0.05046	0.05611	0.04974	0.05407	0.05651	0.06093	0.04093	0.04913	0.04963	0.06529	0.04133	0.06922	0.04253	0.04561	0.06065	0.05359	0.06466	0.06021	0.05122	0.04770	0.06980	0.05443	0.04170	0.05157	0.07225	0.04944	0.05808	0.08816	0.06540	0.04665	0.06588	0.05298	0.05460	0.04799	0.05347	0.04460	0.05967	0.05317	0.05735	0.04521	0.05753
0.04977	0.04763	0.05960	0.04776	0.06491	0.05840	0.06109	0.07913	0.05528	0.06369	0.06398	0.05631	0.07015	0.06049	0.05558	0.06839	0.05337	0.05017	0.05527	0.07151	0.05993	0.05637	0.05599	0.06729	0.03521	0.07159	0.07469	0.05366	0.07105	0.07553	0.05576	0.07156	0.05950	0.06554	0.06337	0.06905	0.07187	0.05312	0.06438	0.06201	0.00000	0.06381	0.05803	0.08170	0.06663	0.05564	0.05930	0.04793	0.05465	0.05993	0.03818	0.06300	0.07753	0.05603	0.06615	0.05966	0.05476	0.06196	0.06357	0.06940	0.06276	0.07469	0.06862	0.06328	0.05963	0.08726	0.06155	0.06586	0.06879	0.07083	0.06064	0.06433	0.09268	0.07045	0.06231	0.04341	0.05759	0.07181	0.06711	0.05810	0.04633	0.06909	0.06037	0.06749	0.05639	0.05832
0.04121	0.05267	0.04821	0.07662	0.02734	0.06471	0.02622	0.07301	0.03574	0.02116	0.03691	0.03729	0.05948	0.04692	0.07204	0.09287	0.03852	0.04974	0.03527	0.06291	0.03975	0.02812	0.03619	0.03811	0.06319	0.03901	0.03775	0.04119	0.07086	0.06903	0.04615	0.06162	0.04539	0.01947	0.04327	0.02561	0.05780	0.06313	0.06694	0.04350	0.06381	0.00000	0.02270	0.04732	0.05183	0.04231	0.04507	0.04433	0.04767	0.04537	0.06107	0.03298	0.04268	0.04480	0.06058	0.04171	0.08302	0.01415	0.02207	0.06670	0.04401	0.06895	0.05144	0.04728	0.03236	0.06388	0.03869	0.05035	0.03750	0.06657	0.04953	0.04636	0.08366	0.05928	0.04000	0.07019	0.04502	0.05817	0.03870	0.04204	0.03783	0.05123	0.05376	0.05314	0.02746	0.04944
0.03884	0.04349	0.04366	0.07031	0.03037	0.05968	0.02511	0.06896	0.03254	0.03384	0.03640	0.03694	0.05492	0.04743	0.06631	0.09016	0.03801	0.04423	0.03338	0.05673	0.04342	0.03488	0.03521	0.03516	0.05493	0.04426	0.05239	0.03779	0.06656	0.06134	0.04176	0.05603	0.04218	0.03380	0.04101	0.04102	0.05210	0.05270	0.06337	0.04390	0.05803	0.02270	0.00000	0.05301	0.05187	0.04153	0.04094	0.03749	0.04413	0.04277	0.05238	0.03306	0.04399	0.04352	0.05713	0.03742	0.07318	0.02685	0.02862	0.06136	0.04072	0.06460	0.04569	0.04875	0.03397	0.06589	0.03888	0.05288	0.03457	0.06369	0.04402	0.04472	0.07779	0.05241	0.03319	0.05943	0.04676	0.05329	0.04029	0.04488	0.02958	0.04542	0.04931	0.05326	0.02365	0.04600
0.05729	0.05969	0.04197	0.08634	0.04930	0.06751	0.06175	0.06827	0.06589	0.03882	0.06686	0.05107	0.05497	0.05860	0.07910	0.10425	0.05322	0.05662	0.05707	0.07165	0.03696	0.04545	0.04046	0.05637	0.07501	0.04154	0.04408	0.06034	0.06778	0.07159	0.05548	0.06810	0.06738	0.04024	0.06643	0.03582	0.05946	0.07172	0.05843	0.05588	0.08170	0.04732	0.05301	0.00000	0.05756	0.05371	0.06276	0.05915	0.06781	0.06360	0.06789	0.04642	0.04827	0.06058	0.07983	0.05160	0.08340	0.04627	0.04992	0.06468	0.07077	0.06868	0.06194	0.05431	0.05475	0.06590	0.06827	0.06095	0.05420	0.06875	0.04694	0.06412	0.08799	0.06582	0.05629	0.07874	0.05326	0.04948	0.04786	0.05881	0.05686	0.06349	0.06301	0.05591	0.05404	0.05805
0.05432	0.05767	0.04032	0.07011	0.04923	0.06266	0.05557	0.05880	0.06073	0.04453	0.06047	0.04498	0.04823	0.06829	0.06819	0.08511	0.05398	0.05328	0.05799	0.07140	0.03732	0.04094	0.04891	0.04259	0.06739	0.05201	0.05527	0.05803	0.05890	0.07149	0.05465	0.05739	0.06006	0.05927	0.06149	0.05039	0.06706	0.06499	0.04455	0.05416	0.06663	0.05183	0.05187	0.05756	0.00000	0.06001	0.06260	0.05458	0.06154	0.06208	0.06155	0.04607	0.05880	0.06436	0.06347	0.04181	0.07426	0.05373	0.04916	0.05396	0.06702	0.05131	0.06809	0.06258	0.05814	0.05759	0.06302	0.06231	0.04761	0.05832	0.05711	0.06940	0.07425	0.07190	0.04709	0.07030	0.06383	0.04453	0.05682	0.06012	0.05386	0.06529	0.05034	0.06436	0.05527	0.06316
0.03847	0.05346	0.04672	0.06581	0.03754	0.06811	0.04918	0.07822	0.03484	0.04577	0.04661	0.04051	0.06284	0.05471	0.07028	0.08288	0.04058	0.04424	0.04109	0.04460	0.04412	0.04277	0.03731	0.05225	0.05861	0.04632	0.05419	0.05074	0.06647	0.05539	0.04602	0.06052	0.04830	0.05210	0.04789	0.05226	0.04235	0.06444	0.06202	0.05046	0.05564	0.04231	0.04153	0.05371	0.06001	0.00000	0.05144	0.03888	0.04639	0.04505	0.05441	0.04699	0.05493	0.01910	0.07703	0.04656	0.06958	0.04965	0.05005	0.06304	0.04924	0.07128	0.04811	0.01844	0.03054	0.06837	0.05010	0.03982	0.05035	0.07521	0.05001	0.04951	0.07835	0.04697	0.05576	0.06258	0.01880	0.05801	0.04165	0.02162	0.04041	0.03859	0.05797	0.04570	0.04210	0.05283
0.04135	0.03826	0.05292	0.07132	0.04368	0.06912	0.03814	0.07731	0.05099	0.04666	0.04038	0.04505	0.05918	0.04022	0.06971	0.09050	0.03826	0.03897	0.03061	0.05902	0.04938	0.04840	0.04262	0.04592	0.05638	0.05319	0.05733	0.02224	0.07342	0.05906	0.03598	0.06038	0.03099	0.04517	0.02745	0.05018	0.05495	0.05228	0.07211	0.05611	0.05930	0.04507	0.04094	0.06276	0.06260	0.05144	0.00000	0.03402	0.03647	0.04358	0.06244	0.04225	0.05650	0.04970	0.07083	0.04692	0.07431	0.04165	0.04848	0.06843	0.03743	0.06827	0.05060	0.05268	0.04535	0.07365	0.04121	0.05901	0.05095	0.07628	0.03651	0.04532	0.08191	0.05602	0.04308	0.05770	0.04901	0.05905	0.05511	0.04882	0.04213	0.05258	0.06201	0.05021	0.04502	0.03344
0.01477	0.03894	0.04542	0.06319	0.03879	0.06233	0.03972	0.07299	0.03947	0.04839	0.03350	0.03928	0.05753	0.04169	0.05829	0.08282	0.02502	0.03432	0.02513	0.05310	0.04490	0.03595	0.03716	0.04728	0.04919	0.04539	0.05420	0.03549	0.06677	0.05733	0.02414	0.05699	0.02894	0.05176	0.03898	0.05689	0.05189	0.05005	0.06032	0.04974	0.04793	0.04433	0.03749	0.05915	0.05458	0.03888	0.03402	0.00000	0.03680	0.03100	0.04668	0.04515	0.06040	0.04044	0.06772	0.04021	0.06237	0.04824	0.04475	0.05976	0.03434	0.06829	0.05110	0.04463	0.04192	0.07754	0.03966	0.04756	0.05015	0.07111	0.03864	0.04548	0.08363	0.05538	0.04859	0.05136	0.04305	0.06019	0.04464	0.04093	0.03132	0.04935	0.05317	0.04157	0.03525	0.03106
0.03631	0.04310	0.06064	0.06566	0.03982	0.06725	0.04100	0.07257	0.05053	0.04430	0.04543	0.04599	0.06067	0.04558	0.06342	0.08222	0.03671	0.04414	0.02895	0.05615	0.05535	0.05577	0.04732	0.05104	0.05736	0.05807	0.05875	0.03729	0.06703	0.06510	0.04192	0.06413	0.02743	0.05161	0.02381	0.04729	0.05759	0.04976	0.06629	0.05407	0.05465	0.04767	0.04413	0.06781	0.06154	0.04639	0.03647	0.03680	0.00000	0.04159	0.05389	0.04059	0.05451	0.05414	0.07178	0.04842	0.06614	0.04940	0.05376	0.06745	0.03841	0.05952	0.05399	0.05219	0.04372	0.07485	0.04562	0.04954	0.05682	0.07271	0.03906	0.03761	0.08916	0.06136	0.05321	0.05901	0.04827	0.06103	0.04879	0.05250	0.04689	0.06008	0.06512	0.04368	0.04151	0.03232
0.03243	0.04607	0.05367	0.06953	0.05055	0.06321	0.04260	0.07778	0.04561	0.05334	0.02520	0.04960	0.06174	0.03026	0.06917	0.08958	0.02241	0.04251	0.03164	0.05758	0.05231	0.04675	0.04645	0.05201	0.05860	0.05303	0.06226	0.04024	0.07393	0.06122	0.03700	0.06449	0.04017	0.05067	0.04374	0.05799	0.05388	0.06184	0.06986	0.05651	0.05993	0.04537	0.04277	0.06360	0.06208	0.04505	0.04358	0.03100	0.04159	0.00000	0.05303	0.05290	0.06834	0.04537	0.06805	0.04937	0.06815	0.05015	0.05051	0.06796	0.02481	0.07383	0.05438	0.05356	0.04553	0.07956	0.02883	0.04845	0.04894	0.07594	0.04185	0.03195	0.08847	0.05763	0.05210	0.05897	0.05081	0.06363	0.05069	0.04510	0.04076	0.04976	0.05845	0.03777	0.04623	0.04935
0.04890	0.03724	0.05968	0.04773	0.06186	0.04974	0.05769	0.06582	0.05058	0.06693	0.05946	0.05451	0.06107	0.06001	0.05529	0.07585	0.04903	0.05018	0.04979	0.06821	0.05813	0.05492	0.05210	0.06488	0.02767	0.06347	0.06905	0.05558	0.05899	0.07259	0.04976	0.06538	0.06024	0.06255	0.05786	0.06141	0.06542	0.05467	0.06341	0.06093	0.03818	0.06107	0.05238	0.06789	0.06155	0.05441	0.06244	0.04668	0.05389	0.05303	0.00000	0.06293	0.07551	0.05521	0.06341	0.05836	0.03701	0.05819	0.05714	0.05861	0.05630	0.06534	0.06239	0.06204	0.05778	0.08842	0.05843	0.05723	0.06323	0.06153	0.05457	0.05806	0.08280	0.06705	0.06022	0.03007	0.05385	0.06416	0.06946	0.05717	0.04304	0.06277	0.04842	0.06495	0.05082	0.05320
0.04468	0.04641	0.04355	0.06983	0.02773	0.05980	0.02415	0.05575	0.04600	0.03196	0.04957	0.03786	0.04621	0.04765	0.06543	0.08415	0.04307	0.04614	0.03722	0.05709	0.03333	0.03676	0.03371	0.03304	0.06295	0.03876	0.04009	0.03866	0.04935	0.06267	0.04560	0.05468	0.03448	0.04198	0.03064	0.02800	0.05120	0.04973	0.05372	0.04093	0.06300	0.03298	0.03306	0.04642	0.04607	0.04699	0.04225	0.04515	0.04059	0.05290	0.06293	0.00000	0.03968	0.05125	0.06424	0.02448	0.07598	0.03682	0.03682	0.04983	0.04826	0.05566	0.04815	0.04885	0.03797	0.05294	0.05161	0.04983	0.03752	0.06547	0.04048	0.04720	0.07370	0.05529	0.03355	0.06365	0.04955	0.04128	0.03586	0.04945	0.04203	0.05441	0.04643	0.04682	0.03264	0.04049
0.05759	0.05490	0.05434	0.08691	0.03280	0.06573	0.04573	0.07201	0.05318	0.01782	0.06102	0.05138	0.06939	0.04797	0.07556	0.09514	0.05413	0.05770	0.05069	0.06392	0.04570	0.05024	0.03665	0.04761	0.07780	0.04451	0.03823	0.06026	0.06955	0.07351	0.06285	0.07118	0.05259	0.04397	0.05635	0.03746	0.05810	0.05594	0.05646	0.04913	0.07753	0.04268	0.04399	0.04827	0.05880	0.05493	0.05650	0.06040	0.05451	0.06834	0.07551	0.03968	0.00000	0.05816	0.07265	0.05128	0.08948	0.04103	0.04897	0.07183	0.06137	0.06623	0.06086	0.05037	0.04485	0.04390	0.05628	0.04632	0.05936	0.07488	0.05552	0.05693	0.08680	0.06989	0.05530	0.08605	0.05263	0.06081	0.03767	0.05560	0.05604	0.06649	0.05506	0.06023	0.05087	0.06205
0.04281	0.04837	0.04710	0.07551	0.04407	0.06896	0.04700	0.07456	0.03177	0.04450	0.04583	0.04769	0.06383	0.05641	0.07208	0.09167	0.04153	0.04777	0.04262	0.05073	0.04853	0.04012	0.03510	0.05271	0.05985	0.05158	0.05500	0.05099	0.07777	0.06043	0.04649	0.05943	0.05152	0.05174	0.05186	0.05333	0.04608	0.06746	0.07309	0.04963	0.05603	0.04480	0.04352	0.06058	0.06436	0.01910	0.04970	0.04044	0.05414	0.04537	0.05521	0.05125	0.05816	0.00000	0.07807	0.04821	0.07368	0.04946	0.04890	0.07285	0.04788	0.07581	0.04428	0.02029	0.02692	0.07600	0.05053	0.04250	0.05373	0.07971	0.05337	0.05178	0.08432	0.04505	0.05542	0.06201	0.02319	0.06024	0.04586	0.01355	0.03951	0.04383	0.05742	0.05343	0.04567	0.05449
0.06941	0.06540	0.06314	0.07381	0.06633	0.04543	0.05786	0.05443	0.06929	0.06484	0.06538	0.06586	0.06927	0.06440	0.06450	0.07608	0.07185	0.06150	0.06637	0.08838	0.06312	0.06028	0.06696	0.06140	0.06300	0.07428	0.07143	0.06042	0.06133	0.08407	0.07007	0.07878	0.07283	0.06298	0.06825	0.06240	0.08647	0.05455	0.06634	0.06529	0.06615	0.06058	0.05713	0.07983	0.06347	0.07703	0.07083	0.06772	0.07178	0.06805	0.06341	0.06424	0.07265	0.07807	0.00000	0.06698	0.07580	0.05821	0.05890	0.05898	0.06937	0.06760	0.07563	0.08576	0.07011	0.08084	0.06130	0.08145	0.06331	0.04960	0.07205	0.07075	0.07993	0.08351	0.05695	0.06317	0.07662	0.06976	0.07025	0.07833	0.06320	0.08451	0.06171	0.08008	0.06253	0.07143
0.03990	0.04872	0.03158	0.07011	0.03829	0.05937	0.03034	0.05883	0.04557	0.04180	0.04764	0.03806	0.04103	0.05844	0.06950	0.08863	0.04096	0.03847	0.04363	0.06071	0.02720	0.02860	0.03395	0.03461	0.06224	0.03708	0.05052	0.04247	0.05938	0.06118	0.03818	0.05085	0.04211	0.05088	0.04406	0.04794	0.05646	0.06078	0.05153	0.04133	0.05966	0.04171	0.03742	0.05160	0.04181	0.04656	0.04692	0.04021	0.04842	0.04937	0.05836	0.02448	0.05128	0.04821	0.06698	0.00000	0.07324	0.04373	0.03346	0.04910	0.05058	0.05707	0.05784	0.04920	0.04719	0.05789	0.05160	0.04604	0.03354	0.06299	0.04367	0.05939	0.06993	0.06014	0.03234	0.06526	0.05031	0.03772	0.03733	0.04733	0.03802	0.05263	0.04163	0.04994	0.04118	0.05379
0.06855	0.05725	0.07331	0.04781	0.08092	0.05206	0.07844	0.07343	0.07240	0.08123	0.07862	0.06763	0.07326	0.07891	0.05972	0.07429	0.06709	0.06359	0.06998	0.08064	0.07120	0.07434	0.06975	0.08182	0.04163	0.07425	0.08206	0.07222	0.06062	0.08291	0.07046	0.08143	0.07457	0.08496	0.06942	0.07138	0.08439	0.06318	0.06875	0.06922	0.05476	0.08302	0.07318	0.08340	0.07426	0.06958	0.07431	0.06237	0.06614	0.06815	0.03701	0.07598	0.08948	0.07368	0.07580	0.07324	0.00000	0.08112	0.07785	0.06257	0.07442	0.08261	0.08156	0.07626	0.07813	0.09799	0.07889	0.06598	0.08242	0.06647	0.06695	0.07636	0.09455	0.08355	0.07435	0.02747	0.07002	0.07773	0.08384	0.07602	0.05914	0.07947	0.06469	0.07710	0.07233	0.06895
0.04432	0.05085	0.04596	0.07498	0.03150	0.06040	0.02995	0.07249	0.04045	0.02481	0.04306	0.03963	0.05526	0.04619	0.06895	0.08947	0.04240	0.05133	0.03731	0.06411	0.03724	0.03295	0.03351	0.03646	0.06290	0.04387	0.04054	0.03870	0.06898	0.06491	0.04886	0.06218	0.04745	0.01771	0.04416	0.02935	0.06079	0.05989	0.06393	0.04253	0.06196	0.01415	0.02685	0.04627	0.05373	0.04965	0.04165	0.04824	0.04940	0.05015	0.05819	0.03682	0.04103	0.04946	0.05821	0.04373	0.08112	0.00000	0.02569	0.06245	0.04337	0.06789	0.04905	0.04936	0.03403	0.05972	0.04485	0.05146	0.03636	0.06387	0.04795	0.04907	0.08425	0.05890	0.04028	0.06643	0.04590	0.05199	0.04438	0.04795	0.03988	0.05200	0.05123	0.05791	0.03443	0.04980
